	
Daily CO2 values at Jubany Station, Antarctica			
				
                       CO2    Std
Year	Month	Day   Value   Dev

1994	January	1		
		2		
		3		
		4		
		5		
		6		
		7		
		8		
		9		
		10		
		11		
		12		
		13		
		14		
		15		
		16		
		17		
		18		
		19		
		20		
		21		
		22		
		23		
		24		
		25		
		26		
		27		
		28		
		29		
		30		
		31		
1994   February	1		
		2		
		3		
		4		
		5		
		6		
		7		
		8		
		9		
		10		
		11		
		12		
		13		
		14		
		15		
		16	354.16	
		17	353.8	
		18	353.76	
		19	353.87	
		20	354.09	
		21	354.02	
		22	354.07	
		23	354.06	
		24	354.32	
		25	354.55	
		26	354.36	
		27		
		28		
1994	March	1	354.55	0.74
		2	355.28	0.1
		3	355.6	0.3
		4		0.29
		5	355.36	0.55
		6	355.47	0.11
		7	355.73	0.34
		8	355.47	0.19
		9	355.51	0.34
		10	355.32	0.27
		11	355.31	0.25
		12	355.73	0.38
		13	355.51	0.35
		14	355.32	0.26
		15	355.43	0.34
		16	355.45	0.29
		17	355.36	0.23
		18	355.32	0.09
		19	355.31	0.14
		20		0.18
		21	356.02	0.65
		22	355.88	0.32
		23	355.51	0.28
		24	355.97	0.49
		25	355.65	0.47
		26	355.68	0.25
		27	355.36	0.2
		28	355.34	0.13
		29	355.32	0.24
		30	355.41	0.18
		31	355.67	0.22
1994	April	1	355.61	0.21
		2	355.65	0.15
		3	355.77	0.25
		4	355.66	0.28
		5	355.51	0.22
		6	355.46	0.09
		7	355.46	0.14
		8	355.41	0.15
		9	355.58	0.17
		10	355.75	0.22
		11	355.72	0.34
		12	355.58	0.25
		13	355.48	0.31
		14	355.45	0.14
		15	355.52	0.18
		16	355.52	0.07
		17	355.71	0.26
		18	355.76	0.43
		19	355.5	0.06
		20	355.57	0.38
		21	355.48	0.29
		22	355.55	0.05
		23	355.65	0.11
		24	355.68	0.09
		25	355.65	0.37
		26	355.54	0.18
		27	355.56	0.09
		28	355.6	0.16
		29	355.72	0.13
		30	355.62	0.12
1994	May	1	355.59	0.08
		2	355.56	0.24
		3	355.53	0.14
		4	355.59	0.12
		5	355.65	0.1
		6	355.65	0.1
		7	355.70	0.1
		8	355.65	0.11
		9	355.86	0.09
		10	355.83	0.15
		11	355.83	0.2
		12	356.12	0.28
		13	355.69	0.24
		14	355.78	0.09
		15	355.83	0.08
		16	355.91	0.14
		17	356.00	0.19
		18	356.03	0.34
		19	355.82	0.2
		20	355.81	0.14
		21	355.72	0.05
		22	355.80	0.08
		23	356.53	0.44
		24	356.37	0.37
		25	355.77	0.2
		26	355.87	0.27
		27	355.75	0.31
		28	355.88	0.35
		29	356.16	0.21
		30	356.04	0.19
		31	355.88	0.15
1994	June	1	355.90	0.2
		2	355.95	0.1
		3	355.91	0.22
		4	355.95	0.11
		5	355.98	0.11
		6	355.92	0.13
		7	356.31	0.33
		8	355.88	0.16
		9	356.43	0.34
		10	355.85	0.14
		11	355.91	0.31
		12	356.18	0.14
		13	356.85	0
		14	355.94	0.18
		15	356.09	0.29
		16	356.04	0.25
		17	356.16	0.19
		18	356.82	0.17
		19	356.27	0.18
		20	356.16	0.18
		21	356.63	0.36
		22	356.57	0.13
		23	356.42	0.14
		24	356.26	0.11
		25	356.21	0.14
		26	356.37	0.05
		27	356.26	0.17
		28	356.37	0.1
		29	356.49	0.26
		30	356.45	0.16
1994	July	1	356.27	0.07
		2	356.28	0.08
		3		
		4	356.46	0.12
		5	356.21	0.3
		6	356.50	0.29
		7	356.49	0.25
		8	356.59	0.25
		9	356.51	0.18
		10	356.61	0.26
		11	356.48	0.25
		12	356.42	0.42
		13	355.92	0.13
		14	355.89	0.17
		15	356.04	0.07
		16	355.93	0.14
		17	356.04	0.09
		18	356.14	0.08
		19	356.26	0
		20	356.20	0.24
		21	356.16	0.18
		22	356.19	0.23
		23	356.16	0.1
		24	356.14	0.1
		25	356.24	0.13
		26	356.29	0.02
		27	356.40	0.05
		28	356.28	0.11
		29	356.50	0.2
		30	356.34	0.17
		31	356.67	0.29
1994	August	1	356.61	0.33
		2	357.07	0.08
		3	356.85	0.11
		4	356.91	0.15
		5	357.10	0.22
		6	357.13	0.09
		7	357.19	0.15
		8	356.75	0.25
		9	357.35	0.27
		10	357.17	0.31
		11	357.44	0.14
		12	357.08	0.14
		13	357.20	0.14
		14	357.44	0.36
		15	356.90	0.12
		16	357.02	0.28
		17	357.41	0.13
		18	357.29	0.2
		19	357.29	0.12
		20	357.11	0.12
		21	357.50	0.33
		22	357.33	0.34
		23	357.50	0.27
		24	357.38	0.21
		25	357.11	0.32
		26	357.31	0.1
		27	357.49	0.13
		28	357.42	0.15
		29	357.70	0.33
		30	357.63	0.27
		31	357.69	0.46
1994  September	1	357.35	0.18
		2	357.49	0.25
		3		0.22
		4	357.75	0.52
		5	357.47	0.25
		6	357.57	0.12
		7	357.87	0.25
		8	357.97	0.35
		9	357.48	0.12
		10	357.25	0.15
		11	357.03	0.31
		12		0.36
		13	357.63	0.5
		14	357.47	0.2
		15	357.47	0.29
		16	357.68	0.23
		17	357.55	0.24
		18	357.46	0.34
		19	357.56	0.4
		20	357.50	0.16
		21	357.53	0.13
		22	357.48	0.16
		23	357.52	0.12
		24	357.56	0.11
		25	357.41	0.06
		26	357.76	0.33
		27	357.59	0.14
		28	357.53	0.16
		29	357.54	0.3
		30	357.57	0.21
1994	October	1		
		2		
		3		
		4		
		5		
		6		
		7		
		8		
		9		
		10		
		11		
		12		
		13		
		14		
		15		
		16		
		17		
		18		
		19		
		20		
		21	358.24	0.53
		22	358.06	0.1
		23	358.11	0.12
		24	358.24	0.2
		25	358.09	0.13
		26	358.06	0.11
		27	357.98	0.23
		28	358.57	0.33
		29	358.20	0.35
		30	358.09	0.11
		31	358.01	0.5
1994   November	1	357.74	0.34
		2	357.44	0.33
		3	358.01	0.34
		4	357.77	0.23
		5	357.16	0.4
		6	357.44	0.12
		7	357.56	0.1
		8	357.76	0.27
		9	357.59	0.17
		10	357.50	0.16
		11	357.57	0.21
		12	357.43	0.26
		13	357.88	0.4
		14	357.62	0.17
		15		3.25
		16		4.23
		17	357.46	0.22
		18	357.73	0.27
		19	357.45	0.3
		20	357.37	0.24
		21	357.53	0.19
		22	357.40	0.14
		23	357.45	0.28
		24	357.49	0.24
		25	357.49	0.12
		26	357.71	0.17
		27	357.79	0.3
		28	357.77	0.58
		29	357.12	0.12
		30	357.17	0.23
1994   December	1	357.56	0.09
		2	357.37	0.23
		3	357.57	0.29
		4	357.49	0.16
		5	357.20	0.11
		6	357.09	0.21
		7	357.41	0.35
		8	357.33	0.14
		9	357.57	0.25
		10	357.49	0.13
		11	357.63	0.3
		12	357.40	0.3
		13	357.47	0.21
		14	357.59	0.44
		15	357.41	0.13
		16	357.59	0.49
		17	357.40	0.25
		18		3.83
		19	357.25	0.12
		20	357.27	0.38
		21	357.63	0.41
		22	357.52	0.19
		23	357.27	0.07
		24	357.68	0.09
		25	357.54	0.16
		26	357.76	0.29
		27	357.70	0.27
		28	357.78	0.48
		29	357.52	0.25
		30	357.61	0.3
		31	357.73	0.3
1995	January	1	357.61	0.01
		2	357.65	0.2
		3	357.64	0.17
		4	357.43	0.3
		5	357.69	0.24
		6	357.67	0.34
		7	357.58	0.14
		8	357.62	0.15
		9	357.29	0.27
		10	357.42	0.13
		11	357.26	0.14
		12	357.27	0.16
		13	357.41	0.24
		14	357.15	0.22
		15	355.10	2.2
		16		
		17	355.17	0
		18	356.98	0.08
		19	357.39	0.34
		20	357.05	0.17
		21	357.17	0.24
		22	357.41	0.29
		23	357.26	0.18
		24	357.30	0.21
		25	357.42	0.3
		26	357.11	0.21
		27	357.10	0.12
		28	357.36	0.19
		29	357.16	0.32
		30	357.50	0.17
		31		
1995   February	1	356.99	0.27
		2	356.33	0.2
		3	356.00	0.1
		4	355.75	0.16
		5	356.02	0.17
		6	355.64	0.13
		7	356.56	0.4
		8	356.38	0.35
		9	356.60	0.11
		10		
		11	356.83	0.29
		12	356.66	0.23
		13	356.43	0.29
		14	356.62	0.26
		15	357.61	0.53
		16	356.17	0.82
		17	356.74	0.88
		18	356.77	0.26
		19	356.72	0.66
		20	356.69	0.39
		21	356.66	0.42
		22	356.87	0.27
		23	356.56	1.14
		24	356.56	0.54
		25	356.74	0.37
		26	358.79	0
		27	356.55	0.14
		28	357.09	0.39
1995	March	1	357.12	0.13
		2	357.19	0.44
		3	356.74	0.2
		4		
		5		
		6		
		7		
		8		
		9		
		10		
		11		
		12		
		13		
		14		
		15		
		16		
		17		
		18		
		19		
		20		
		21		
		22		
		23		
		24	356.30	0.33
		25	356.45	0.22
		26	356.71	0.2
		27	357.15	0.48
		28	357.15	0.32
		29	357.10	0.14
		30	357.62	1.26
		31	357.52	0.23
1995	April	1	357.19	0.83
		2	357.51	0.47
		3	357.13	1.48
		4	357.25	0.39
		5	357.29	0.28
		6	357.49	0.48
		7	357.17	0.41
		8	357.10	0.35
		9	357.10	0.36
		10	357.35	0.77
		11	357.11	0.3
		12	356.86	0.5
		13	357.29	0.51
		14	357.28	0.07
		15	357.03	0.34
		16		
		17	357.60	0.09
		18	357.53	0.43
		19	357.25	0.18
		20		
		21	357.01	0.42
		22	357.06	0.22
		23	356.98	0.25
		24	357.23	0.3
		25	357.52	0.36
		26	358.58	0.48
		27	358.02	0.3
		28	358.16	0.42
		29	358.39	0.38
		30	358.14	0.21
1995	May	1	358.44	3.7
		2	357.90	0.57
		3	356.83	0.22
		4	356.96	0.2
		5	356.99	0.61
		6	357.31	0.62
		7	357.23	0.39
		8	357.00	0.53
		9	357.48	0.14
		10	357.09	0.61
		11	359.13	0.69
		12	357.74	0.37
		13	357.59	0.42
		14	357.88	0.1
		15	357.50	0.68
		16	357.59	0.25
		17	358.38	0.62
		18	358.37	0.71
		19	357.24	0.38
		20	356.92	0.87
		21	357.44	1.09
		22	357.64	0.47
		23	358.15	0.3
		24	358.12	0.96
		25	358.07	0.64
		26	357.47	0.71
		27	357.76	0.44
		28	357.41	1.14
		29	357.48	0.54
		30	358.23	0.98
		31	357.51	0.16
1995	June	1	355.25	0.3
		2	356.68	1.4
		3	358.43	0.57
		4	358.56	0.34
		5	358.53	0.57
		6	358.58	0.87
		7	358.13	0.7
		8	358.55	0.64
		9	357.83	0.37
		10	357.74	0.52
		11	357.88	0.34
		12	357.70	0.4
		13	357.77	0.56
		14	357.69	0.6
		15	357.87	0.19
		16	358.41	0.38
		17	358.29	0.24
		18	358.17	0.69
		19		
		20		
		21	358.24	0.87
		22	358.29	0.56
		23	358.25	0.2
		24		
		25	358.44	0.47
		26	358.57	0.33
		27	358.58	0.44
		28	358.54	0.55
		29	358.55	0.46
		30	358.66	0.33
1995	July	1	358.56	0.31
		2	358.71	0.2
		3	358.73	0.51
		4	358.61	0.48
		5	358.55	0.24
		6	358.61	0.31
		7	358.48	0.12
		8	358.53	0.16
		9	358.56	0.27
		10	359.16	1.01
		11	358.34	0.41
		12	358.55	1.04
		13	358.52	0.17
		14		
		15	358.27	0.03
		16	358.26	0.16
		17	358.39	0.32
		18	358.23	0.18
		19	358.53	0.37
		20	358.29	0.19
		21	358.05	0.39
		22	358.24	0.25
		23	358.20	0.28
		24	358.21	0.07
		25	358.44	0.48
		26	358.32	0.18
		27	358.25	0.35
		28	358.58	0.09
		29	359.50	1.37
		30	358.58	0.27
		31	358.54	0.45
1995	August	1	358.47	0.29
		2	358.60	0.59
		3	358.56	0.06
		4	358.74	0.23
		5	358.57	0.29
		6	358.63	0.18
		7	358.71	0.24
		8	359.03	0.62
		9	358.68	0.11
		10	358.77	0.21
		11	358.99	0.27
		12	358.18	0.18
		13	358.07	0.14
		14	358.10	0.08
		15	358.25	0.2
		16	358.08	0.28
		17	358.12	0.43
		18	359.20	0.96
		19	358.84	0.41
		20	358.99	0.59
		21	358.64	0.33
		22	358.62	0.4
		23	358.75	0.26
		24	358.92	0.19
		25	358.96	0.21
		26	358.98	0.18
		27	359.62	0.43
		28	358.88	0.24
		29	359.08	0.24
		30	359.07	0.32
		31	359.05	0.18
1995  September	1	359.00	0.24
		2	359.07	0.52
		3	359.29	0.46
		4	359.23	0.4
		5	358.78	0.66
		6	359.03	0.16
		7	359.03	0.13
		8	358.93	0.21
		9	359.35	0.94
		10	359.03	0.1
		11	359.11	0.19
		12	358.96	0.36
		13	359.18	0.43
		14	359.20	0.1
		15	358.78	0.79
		16	358.86	0.48
		17	358.51	0.56
		18	358.52	0.39
		19	358.71	0.35
		20	358.72	0.56
		21	359.16	0.53
		22	359.54	0.59
		23	359.13	0.28
		24	359.55	0.45
		25	359.47	0.27
		26	359.82	0.57
		27	359.90	0.71
		28	359.51	0.62
		29	359.50	0.35
		30	359.59	0.87
1995	October	1	359.37	0.14
		2	360.03	1.09
		3	359.80	0.51
		4	360.02	0.71
		5	359.44	0.3
		6	359.83	0.63
		7	359.66	0.49
		8	359.40	0.26
		9	359.48	0.37
		10	359.06	0.36
		11	358.84	0.47
		12	358.64	0.55
		13	358.94	0.24
		14	359.34	0.34
		15	360.08	0.65
		16	359.05	0.31
		17	359.71	1.43
		18	358.91	0.73
		19	359.11	0.72
		20	358.15	0.38
		21	358.13	0
		22	358.86	0.71
		23	359.07	0.27
		24	359.31	0.33
		25	359.18	0.31
		26	359.13	0.56
		27	359.81	0.45
		28	360.11	0.67
		29	359.89	0.41
		30	359.48	0.27
		31	359.69	0.53
1995   November	1	359.28	0.68
		2	359.34	0.48
		3	359.81	0.8
		4	359.44	0.33
		5	359.60	0.44
		6	359.37	1.14
		7	358.69	0.39
		8	358.70	0.53
		9	358.48	0.52
		10	358.89	0.32
		11	359.99	0.36
		12	359.82	0.6
		13	359.40	0.67
		14	359.26	0.4
		15	359.57	0.29
		16	359.11	0.85
		17	359.48	0.58
		18	359.97	0.47
		19	359.34	0.98
		20	358.88	0.49
		21	359.15	0.56
		22	359.68	0.55
		23	359.03	0.89
		24	359.09	0.67
		25	359.01	0.5
		26	359.06	0.4
		27	358.88	0.85
		28	359.81	0.46
		29	359.55	0.46
		30	358.91	0.36
1995  December	1	358.74	0.3
		2	355.82	0.28
		3	357.86	0.78
		4	356.83	0.39
		5	357.03	0.21
		6	357.14	0.21
		7	357.40	0.24
		8	356.82	0.33
		9	356.38	0.33
		10	354.52	0.42
		11	355.49	0.25
		12	356.07	0.21
		13	356.16	0.22
		14	358.48	0.16
		15	358.73	0.2
		16	358.83	0.13
		17	358.92	0.16
		18	359.00	0.21
		19	359.37	0.27
		20	359.08	0.14
		21	359.33	0.52
		22	359.12	0.33
		23	358.80	0.15
		24	358.90	0.24
		25	358.93	0.17
		26	358.69	0.24
		27	358.35	0.28
		28	358.44	0.36
		29	359.22	0.45
		30	358.89	0.34
		31	358.84	0.35
1996	January	1	358.92	0.26
		2	358.81	0.33
		3	359.06	0.36
		4	358.91	0.26
		5	359.17	0.24
		6	359.25	0.3
		7	359.15	0.28
		8	359.06	0.36
		9	359.32	0.17
		10	359.33	0.26
		11	359.37	0.28
		12	359.46	0.97
		13	359.21	0.15
		14	359.57	0.54
		15	359.11	0.29
		16	358.84	0.94
		17	358.91	0.32
		18	359.01	0.5
		19	359.09	0.63
		20	359.12	0.43
		21	358.81	0.36
		22	358.69	0.37
		23	358.77	0.31
		24	358.97	0.29
		25	359.24	0.34
		26	359.23	0.24
		27	358.72	0.39
		28	358.88	0.26
		29	358.81	0.25
		30	359.16	0.62
		31		
1996   February	1		0.11
		2	358.74	0.73
		3	359.11	0.49
		4	358.91	0.39
		5		
		6		0.39
		7		0.2
		8	358.80	0.14
		9	358.87	0.19
		10	358.75	0.64
		11	358.66	0.25
		12	359.65	0.56
		13	359.29	0.11
		14	359.09	0.57
		15		0.25
		16	359.73	0.35
		17	359.53	0.31
		18	359.56	0.36
		19	359.85	0.18
		20	359.36	0.16
		21	358.89	0.23
		22	359.15	0.53
		23	358.61	0.13
		24	358.53	0.14
		25	358.71	0.18
		26	358.64	0.32
		27	359.21	0.52
		28	358.88	0.15
		29	359.14	0.33
1996	March	1	359.20	0.21
		2	358.89	0.22
		3	359.18	0.54
		4	359.12	0.23
		5	358.95	0.16
		6	359.07	0.16
		7	359.42	0.31
		8	359.24	0.09
		9	359.40	0.31
		10	359.41	0.25
		11	359.27	0.25
		12	359.48	0.35
		13	359.19	0.21
		14	359.19	0.17
		15	359.16	0.15
		16	359.19	0.22
		17	359.41	0.19
		18	359.19	0.14
		19	359.39	0.21
		20	359.32	0.17
		21	359.22	0.13
		22	358.98	0.32
		23	359.48	0.16
		24	359.34	0.16
		25	359.36	0.29
		26	359.12	0.13
		27	359.09	0.16
		28	359.31	0.25
		29	359.28	0.15
		30	359.38	0.19
		31	359.34	0.38
1996	April	1	359.22	0.09
		2	359.31	0.14
		3	359.25	0.16
		4	359.66	0.87
		5	359.30	0.14
		6	359.19	0.2
		7	359.18	0.13
		8	359.27	0.2
		9	359.38	0.27
		10	360.20	0.96
		11	359.44	0.4
		12	359.29	0.22
		13	359.00	0.09
		14	359.02	0.09
		15	359.16	0.11
		16	359.20	0.26
		17	359.36	0.34
		18	359.18	0.07
		19	359.18	0.21
		20	359.34	0.41
		21	359.11	0.08
		22	359.29	0.24
		23	359.12	0.1
		24	359.38	0.15
		25	359.83	0.15
		26	359.70	0.24
		27	359.72	0.12
		28	359.83	0.3
		29	359.54	0.17
		30	359.60	0.15
1996	May	1	359.85	0.12
		2	359.84	0.01
		3	359.86	0.45
		4	359.79	0.29
		5	359.62	0.14
		6	359.69	0.18
		7	359.85	0.23
		8	359.75	0.14
		9	359.55	0.17
		10	359.31	0.22
		11		
		12		
		13		
		14		
		15		
		16		
		17		
		18		
		19		
		20		
		21		
		22		
		23		
		24		
		25		
		26		
		27		
		28		
		29		
		30		
		31		
1996	June	1		
		2		
		3		
		4		0
		5	359.84	0.29
		6	360.01	0.28
		7	360.84	0.67
		8	361.33	0.69
		9	361.06	0.98
		10	361.03	0.73
		11	360.72	0.86
		12	360.01	0.33
		13	360.53	0.53
		14	360.71	0.99
		15		0.24
		16	359.82	0.25
		17	360.17	0.67
		18	359.90	0.44
		19	359.80	0.22
		20	360.20	0.54
		21	360.22	0.4
		22	360.41	0.37
		23	360.14	0.19
		24	360.40	0.51
		25	360.09	0.09
		26	360.19	0.31
		27	360.48	0.39
		28	360.67	0.27
		29	360.62	0.44
		30	360.16	0.17
1996	July	1	360.27	0.34
		2	360.56	0.31
		3	360.46	0.45
		4	360.10	0.57
		5	360.63	0.21
		6	360.71	0.38
		7	360.87	0.44
		8	360.85	0.61
		9	360.84	0.48
		10	360.64	0.79
		11	360.28	0.19
		12	360.50	0.3
		13	360.53	0.25
		14	360.60	0.25
		15	360.57	0.16
		16	360.35	0.45
		17	360.39	0.27
		18	360.45	0.28
		19	360.19	0.11
		20	360.25	0.34
		21	361.09	0.64
		22	361.02	0.47
		23	360.61	0.43
		24	360.73	0.63
		25	360.97	0.27
		26	360.80	0.6
		27	360.73	0.2
		28	360.79	0.27
		29	360.83	0.42
		30	360.71	0.4
		31	360.93	0.65
1996	August	1	360.64	0.85
		2	360.81	0.24
		3	360.75	0.31
		4	361.04	0.54
		5	360.51	0.21
		6	360.81	0.4
		7	361.04	0.33
		8	361.12	0.22
		9	361.33	0.33
		10	361.46	0.25
		11	361.75	0.4
		12	361.82	0.32
		13	361.27	0.14
		14	361.39	0.2
		15	360.81	0.17
		16	361.01	0.26
		17	361.11	0.2
		18	361.10	0.1
		19	361.09	0.22
		20	361.01	0.12
		21	361.01	0.37
		22	360.87	0.21
		23	361.15	0.3
		24	361.17	0.61
		25	360.78	0.12
		26	360.80	0.22
		27	360.64	0.1
		28	360.65	0.08
		29	360.89	0.29
		30	360.91	0.3
		31	360.89	0.14
1996  September	1	361.00	0.08
		2	360.94	0.16
		3	360.87	0.17
		4	360.95	0.1
		5	361.05	0.45
		6	361.47	0.63
		7	361.05	0.33
		8	361.21	0.31
		9	360.98	0.19
		10	361.22	0.95
		11	360.97	0.23
		12	361.64	0.17
		13	361.73	0.19
		14	361.80	0.17
		15	361.86	0.26
		16	361.69	0.28
		17	361.28	0.73
		18	361.01	0.2
		19	361.22	0.17
		20	361.37	0.09
		21	361.44	0.17
		22	361.21	0.15
		23	360.83	0.19
		24	360.83	0.26
		25	360.95	0.42
		26	360.85	0.22
		27	361.20	0.3
		28	360.78	0.79
		29	361.13	0.34
		30	361.54	0.57
1996	October	1	362.42	0.92
		2	361.45	0.71
		3	361.75	0.55
		4	362.38	0.62
		5	362.11	0.81
		6		0.71
		7	362.31	0.48
		8	361.92	0.52
		9	362.66	0.61
		10	362.09	0.44
		11	361.98	0.7
		12	361.95	0.34
		13	362.05	0.47
		14	362.24	0.64
		15	361.97	0.51
		16	361.87	0.38
		17	361.83	0.56
		18	361.69	0.56
		19	361.89	0.79
		20	361.84	0.3
		21	362.05	0.77
		22	361.48	0.67
		23	361.71	1.01
		24	361.82	0.84
		25	361.38	0.56
		26	361.82	0.65
		27	361.21	0.4
		28	361.14	0.47
		29	361.58	0.82
		30	361.35	0.56
		31	361.54	1.07
1996   November	1	362.10	0.87
		2	361.99	0.65
		3	361.42	0.56
		4	361.32	0.22
		5	361.64	0.42
		6	361.67	0.44
		7	361.96	0.44
		8	361.71	0.64
		9	361.43	0.54
		10	361.35	0.24
		11	361.87	0.8
		12	361.68	0.99
		13	361.77	1.48
		14	361.51	0.54
		15	362.15	1.29
		16	361.41	0.26
		17	361.62	0.41
		18	361.50	0.36
		19	360.92	0.33
		20	360.89	0.6
		21	360.63	0.23
		22	360.93	1.07
		23	360.82	0.63
		24	361.01	0.71
		25	361.72	1
		26		0.45
		27		1.42
		28	361.48	0.32
		29	361.46	0.28
		30	361.67	0.84
1996   December	1	362.14	0.58
		2	361.52	0.27
		3	361.86	0.33
		4	361.44	0.9
		5	361.30	0.28
		6	360.81	0.56
		7	360.58	0.47
		8	360.91	0.29
		9	360.81	0.5
		10	360.99	0.5
		11	361.03	0.3
		12	360.86	0.41
		13	361.04	0.4
		14	360.91	0.4
		15	360.77	0.35
		16	360.77	0.31
		17	361.70	0.4
		18	361.51	0.38
		19	360.85	0.77
		20	360.79	0.5
		21	360.88	0.48
		22	361.32	0.64
		23		0.51
		24		0.33
		25	360.39	0.28
		26	360.83	0.58
		27	361.04	0.41
		28	360.46	0.67
		29	360.56	0.88
		30	359.71	0.24
		31	359.87	0.35
1997	January	1	360.88	0.3
		2	360.52	0.42
		3	360.77	0.45
		4	360.59	0.36
		5	360.89	0.66
		6	361.52	0.64
		7	361.85	0.48
		8	361.44	0.32
		9	361.62	0.04
		10		1.82
		11	361.89	0.89
		12	362.01	0.89
		13	361.29	0.21
		14	361.03	0.23
		15	361.23	0.33
		16	361.89	0.73
		17	361.84	0.19
		18		1.43
		19	361.97	0.08
		20	361.97	0.84
		21	362.31	0.49
		22	361.81	0.26
		23	361.48	0.15
		24	361.58	0.23
		25	361.44	0.16
		26	361.32	0.15
		27	361.35	0.05
		28	361.33	0.14
		29	361.24	0.09
		30	361.28	0.16
		31	361.26	0.11
1997   February	1	361.26	0.19
		2	361.24	0.14
		3	361.01	0.12
		4	360.97	0.17
		5	361.08	0.26
		6	361.27	0.28
		7	360.99	0.31
		8	361.06	0.21
		9	360.99	0.1
		10	361.15	0.14
		11	361.14	0.1
		12	361.16	0.15
		13	361.30	0.16
		14	361.50	0.06
		15		
		16	361.41	0.15
		17	360.94	0.13
		18	361.11	0.48
		19	361.34	0.18
		20	361.16	0.09
		21	361.00	0.12
		22	360.72	0.07
		23	360.80	0.07
		24	360.83	0.06
		25	360.87	0.07
		26	360.93	0.05
		27	361.18	0.2
		28	361.21	0.21
1997	March	1	360.95	0.16
		2	361.11	0.15
		3	361.44	0.42
		4	361.19	0.17
		5	361.10	0.08
		6	360.99	0.09
		7	361.23	0.24
		8	361.03	0.16
		9	361.08	0.5
		10	361.19	0.5
		11	360.88	0.41
		12	360.80	0.28
		13	361.18	0.38
		14	360.98	0.19
		15	360.76	0.18
		16	361.59	0.18
		17	361.55	0.22
		18	361.41	0.3
		19	361.28	0.23
		20	361.44	0.25
		21	361.23	0.27
		22	361.18	0.32
		23	361.18	0.41
		24	360.82	0.08
		25	361.24	0
		26	361.01	0.06
		27	361.17	0.1
		28	361.43	0.28
		29	361.15	0.05
		30	361.12	0.14
		31	361.14	0.44
1997	April	1	361.02	0.13
		2	361.08	0.16
		3	360.87	0.24
		4	360.68	0.07
		5	360.78	0.09
		6	361.18	0.26
		7	360.95	0.12
		8	361.33	0.27
		9	361.05	0.08
		10	361.51	0.52
		11	361.88	0.43
		12	361.06	0.16
		13	361.23	0.09
		14	361.15	0.09
		15	361.54	0.14
		16	361.36	0.09
		17	361.36	0.06
		18	361.34	0.04
		19	361.30	0.07
		20	361.38	0.2
		21	361.24	0.07
		22	361.34	0.08
		23	361.37	0.05
		24	361.34	0.25
		25	361.15	0.09
		26	361.17	0.07
		27	361.12	0.06
		28	361.20	0.15
		29	361.14	0.04
		30	361.30	0.06
1997	May	1	361.24	0.06
		2	361.22	0.08
		3	361.23	0.11
		4	361.20	0.02
		5	361.51	0.27
		6	361.31	0.22
		7	361.38	0.16
		8	361.45	0.25
		9	361.13	0.15
		10	361.04	0.07
		11	361.45	0.38
		12	361.42	0.32
		13	361.29	0.18
		14	361.23	0.11
		15	361.35	0.24
		16	361.19	0.15
		17	361.10	0.08
		18	361.42	0.34
		19	361.56	0.35
		20	361.39	0.26
		21	361.90	0.21
		22	361.80	0.33
		23	361.26	0.26
		24	361.62	0.24
		25	361.41	0.23
		26	361.63	0.25
		27	361.37	0.05
		28	361.53	0.16
		29	361.84	0.09
		30	361.75	0.06
		31	361.65	0.15
1997	June	1	361.61	0.12
		2	361.53	0.15
		3	362.32	0.39
		4	362.04	0.69
		5	361.72	0.21
		6	361.63	0.09
		7	361.57	0.06
		8	361.93	0.36
		9	361.79	0.16
		10	361.70	0.16
		11	361.71	0.15
		12	361.91	0.14
		13	361.75	0.28
		14	361.68	0.24
		15	361.67	0.19
		16	361.95	0.07
		17	362.08	0.26
		18	362.05	0.14
		19	361.53	0.12
		20	362.34	0.29
		21	362.51	0.08
		22	362.67	0.04
		23	362.52	0.03
		24	362.48	0.04
		25	362.62	0.1
		26	362.45	0.04
		27	362.52	0.15
		28	362.58	0.04
		29	362.68	0.12
		30	362.63	0.06
1997	July	1	362.92	0.12
		2	363.11	0.13
		3	362.63	0.16
		4	362.32	0.18
		5	361.61	0.1
		6	361.51	0.12
		7	361.68	0.17
		8	361.64	0.12
		9	361.91	0.27
		10	361.57	0.17
		11	361.57	0.56
		12	361.77	0.42
		13	361.80	0.1
		14	361.75	0.36
		15	361.79	0.11
		16	362.28	0.26
		17	361.90	0.35
		18	362.44	0.35
		19	362.58	0.14
		20	362.82	0.13
		21	362.19	0.11
		22	362.67	0.37
		23	362.23	0.18
		24	362.51	0.12
		25	362.13	0.39
		26	361.66	0.33
		27	361.78	0.28
		28	362.00	0.15
		29	361.51	0.19
		30	361.99	0.18
		31	362.01	0.3
1997	August	1	362.00	0.08
		2	362.27	0.18
		3	362.20	0.29
		4	362.17	0.29
		5	362.44	0.25
		6	362.46	0.34
		7	362.15	0.14
		8	362.45	0.14
		9	362.04	0.11
		10	362.06	0.08
		11	362.21	0.22
		12	362.06	0.28
		13	361.98	0.26
		14	361.70	0.09
		15	361.94	0.18
		16	362.02	0.36
		17	361.68	0.21
		18	361.77	0.22
		19	362.01	0.18
		20	362.18	0.14
		21		
		22		
		23	362.31	0.51
		24	361.93	0.29
		25	361.79	0.42
		26		0.2
		27	362.42	0.51
		28	362.16	0.22
		29	362.27	0.68
		30	362.32	0.23
		31	362.13	0.16
1997  September	1	361.68	0.52
		2	361.93	0.61
		3	362.37	0.38
		4	361.90	0.12
		5	361.87	0.24
		6	361.69	0.27
		7	361.58	0.08
		8	361.81	0.26
		9	361.90	0.23
		10	361.64	0.17
		11	361.91	0.28
		12	361.82	0.21
		13	361.87	0.15
		14	362.11	0.13
		15	362.22	0.35
		16	361.79	0.31
		17	362.13	0.24
		18	361.96	0.37
		19	361.98	0.26
		20	362.12	0.19
		21	361.80	0.38
		22	361.74	0.42
		23	361.64	0.31
		24	361.83	0.41
		25	361.85	0.35
		26	361.94	0.29
		27	362.63	0.27
		28	362.60	0.24
		29	362.77	0.44
		30	362.83	0.34
1997	October	1	362.80	0.34
		2	362.30	0.23
		3	362.40	0.26
		4	362.04	0.21
		5	362.01	0.15
		6	362.01	0.3
		7	362.00	0.12
		8	362.03	0.09
		9	362.01	0.16
		10	362.18	0.37
		11	361.28	0.65
		12	360.85	0.72
		13		0.28
		14	361.82	0.14
		15	361.78	0.35
		16	361.69	0.52
		17		0.56
		18	362.53	0.07
		19	362.50	0.18
		20	362.43	0.39
		21	362.24	0.15
		22	362.56	0.3
		23	362.27	0.31
		24	362.35	0.23
		25	362.43	0.5
		26	362.12	0.18
		27	361.87	0.69
		28	361.53	0.22
		29	362.17	0.62
		30	361.75	0.26
		31	361.99	0.4
1997   November	1	362.34	0.37
		2	362.74	0.46
		3	362.28	0.2
		4	362.53	0.46
		5	362.49	0.3
		6	362.24	0.29
		7	362.36	0.34
		8	361.97	0.55
		9	362.12	0.12
		10	362.25	0.2
		11	362.09	0.12
		12	362.32	0.08
		13	362.40	0.07
		14	362.36	0.08
		15	362.46	0.31
		16	362.42	0.47
		17	362.55	0.49
		18	362.31	0.36
		19	362.22	0.22
		20	362.23	0.18
		21	362.30	0.2
		22	362.27	0.1
		23	362.21	0.1
		24	361.54	0.12
		25	361.63	0.1
		26	361.49	0.21
		27	361.75	0.15
		28	362.34	0.31
		29	361.97	0.27
		30	361.81	0.17
1997   December	1	361.67	0.12
		2	361.41	0.26
		3	361.47	0.19
		4	361.87	0.59
		5		0.35
		6		
		7	362.82	0.38
		8	362.88	0.19
		9	362.74	0.01
		10	363.06	0.1
		11	362.88	0.28
		12	362.82	0.16
		13	362.75	0.22
		14	362.93	0.34
		15	363.05	0.21
		16	363.36	0.26
		17	363.28	0.18
		18	363.01	0.07
		19	363.37	0.35
		20	363.32	0.15
		21	363.32	0.34
		22	363.43	0.42
		23	363.24	0.21
		24	363.21	0.16
		25	363.07	0.11
		26	363.02	0.14
		27	362.96	0.17
		28	363.03	0.25
		29	363.18	0.3
		30	363.06	0.15
		31	363.09	0.11
1998	January	1	363.38	0.26
		2	362.36	0.34
		3	363.05	0.6
		4	362.74	0.25
		5	362.91	0.33
		6	363.13	0.29
		7	363.39	0.71
		8	363.49	0.32
		9	364.14	0.41
		10	363.78	0.43
		11	363.05	0.42
		12	362.70	0.35
		13	361.65	0.38
		14	361.26	0.19
		15	362.26	0.71
		16	363.04	0.47
		17	363.08	0.33
		18	363.40	0.24
		19	363.17	0.29
		20	363.06	0.39
		21	362.89	0.16
		22	362.85	0.26
		23	362.56	0.35
		24	362.40	0.24
		25	362.77	0.2
		26	362.13	0.5
		27	361.71	0.17
		28	361.24	0.27
		29	361.60	0.21
		30	361.69	0.08
		31	361.75	0.24
1998   February	1	361.44	0.39
		2	361.81	0.47
		3	362.31	0.21
		4	362.05	0.2
		5	361.93	0.29
		6	361.51	0.24
		7	361.38	0.56
		8	361.03	0.36
		9	360.82	0.24
		10	361.55	0.23
		11	361.80	0.3
		12	361.94	0.46
		13	362.27	0.68
		14	361.72	0.25
		15	361.63	0.49
		16	362.43	0.33
		17	362.07	0.91
		18	362.25	0.23
		19	362.44	0.1
		20	361.98	0.2
		21	362.84	0.2
		22	363.28	0.15
		23	363.74	0.15
		24	362.62	0.15
		25	362.79	0.27
		26	362.39	0.23
		27	362.72	0.23
		28	362.19	0.28
1998	March	1	361.79	0.3
		2	361.97	0.1
		3	362.22	0.2
		4	362.59	0.16
		5	362.52	0.49
		6	362.09	0.17
		7	362.17	0.34
		8	361.61	0.14
		9	361.68	0.45
		10	362.67	0.41
		11	362.99	0.21
		12	362.49	0.19
		13	363.17	0.23
		14	363.33	0.28
		15	362.96	0.38
		16	363.04	0.14
		17	363.05	0.15
		18	362.51	0.49
		19	362.28	0.22
		20	362.36	0.12
		21	362.48	0.13
		22	362.25	0.11
		23	362.20	0.18
		24	362.73	0.15
		25	362.72	0.11
		26	362.68	0.15
		27	362.59	0.3
		28	362.93	0.19
		29	362.85	0.14
		30	363.24	0.33
		31	363.02	0.15
1998	April	1	363.12	0.25
		2	363.23	0.22
		3	363.03	0.14
		4	363.51	0.24
		5	363.24	0.07
		6	363.09	0.14
		7	363.31	0.19
		8	363.55	0.46
		9	363.43	0.4
		10	363.40	0.27
		11	362.96	0.18
		12	363.09	0.14
		13	363.06	0.25
		14	363.15	0.22
		15	363.17	0.1
		16	363.24	0.14
		17	363.64	0.3
		18	363.05	0.16
		19	363.07	0.07
		20	362.80	0.22
		21	363.33	0.23
		22	363.08	0.28
		23	363.04	0.14
		24	362.95	0.04
		25	363.12	0.17
		26	363.16	0.1
		27	363.19	0.11
		28	363.29	0.19
		29	363.51	0.31
		30	363.35	0.13
1998	May	1	363.64	0.32
		2	363.66	0.18
		3	363.39	0.18
		4	363.49	0.25
		5	363.44	0.26
		6	362.93	0.33
		7	363.06	0.26
		8	363.27	0.26
		9	362.88	0.08
		10	363.21	0.09
		11	363.26	0.3
		12	363.39	0.33
		13	363.60	0.23
		14	363.54	0.34
		15	363.31	0.07
		16	363.45	0.07
		17	363.37	0.23
		18	363.30	0.35
		19	363.90	0.34
		20	363.59	0.15
		21	363.35	0.28
		22	363.19	0.31
		23	363.69	0.13
		24	363.47	0.2
		25	363.43	0.23
		26	363.45	0.13
		27	363.40	0.12
		28	363.43	0.25
		29	363.47	0.18
		30	363.99	0.25
		31	364.19	0.35
1998	June	1	363.86	0.23
		2	364.08	0.6
		3	364.30	0.2
		4	364.10	0.36
		5	363.70	0.23
		6	363.66	0.21
		7	364.04	0.72
		8	363.54	0.22
		9	364.02	0.19
		10	364.31	0.2
		11	363.83	0.28
		12	364.10	0.27
		13	363.83	0.2
		14	363.65	0.21
		15	363.69	0.13
		16	364.37	0.46
		17	364.64	0.43
		18	364.57	0.33
		19	364.44	0.29
		20	364.31	0.44
		21	364.38	0.41
		22	364.61	0.32
		23	364.08	0.18
		24	364.21	0.32
		25	364.05	0.15
		26	364.09	0.17
		27	364.32	0.22
		28	364.12	0.3
		29	364.68	0.35
		30	364.21	0.07
1998	July	1	364.33	0.24
		2	364.41	0.28
		3	364.63	0.49
		4	364.25	0.16
		5	364.13	0.16
		6	364.35	0.3
		7	364.61	0.43
		8	364.30	0.1
		9	364.04	0.09
		10	364.46	0.3
		11	364.58	0.27
		12	364.41	0.2
		13	364.61	0.09
		14	364.15	0.14
		15	364.08	0.12
		16	364.08	0.15
		17	364.03	0.08
		18	364.21	0.15
		19	364.04	0.06
		20	364.14	0.16
		21	364.70	0.28
		22	364.56	0.29
		23	364.57	0.35
		24	364.49	0.17
		25	364.37	0.2
		26	364.28	0.08
		27	364.33	0.07
		28	364.20	0.09
		29	364.58	0.15
		30	364.73	0.08
		31	364.80	0.16
1998	August	1	364.79	0.22
		2	364.52	0.24
		3	364.39	0.09
		4	364.66	0.19
		5	364.69	0.2
		6	364.79	0.07
		7	364.91	0.21
		8	364.89	0.24
		9	364.90	0.17
		10	364.83	0.14
		11	365.15	0.37
		12	364.92	0.21
		13	364.46	0.09
		14	364.63	0.05
		15	364.77	0.28
		16	365.08	0.3
		17	364.64	0.07
		18	364.68	0.09
		19	364.67	0.08
		20	364.74	0.08
		21	364.85	0.09
		22	364.99	0.19
		23	364.73	0.04
		24	364.82	0.09
		25	364.81	0.11
		26	364.70	0.06
		27	364.87	0.16
		28	364.91	0.2
		29	365.06	0.25
		30	365.11	0.15
		31	365.07	0.11
1998  September	1	364.86	0.23
		2	365.00	0.29
		3	364.53	0.08
		4	364.68	0.1
		5	364.69	0.04
		6	364.71	0.16
		7	364.82	0.05
		8	364.81	0.16
		9	364.76	0.03
		10	364.76	0.08
		11	365.01	0.19
		12	365.02	0.08
		13	364.95	0.09
		14	364.91	0.18
		15	365.25	0.34
		16	365.11	0.18
		17	365.35	0.3
		18	365.33	0.26
		19	364.76	0.17
		20	365.05	0.19
		21	364.67	0.13
		22	365.10	0.15
		23	365.11	0.21
		24	365.08	0.13
		25	365.31	0.33
		26	365.22	0.07
		27	365.13	0.09
		28	365.25	0.09
		29	365.14	0.11
		30	365.35	0.12
1998	October	1	365.08	0.19
		2	365.71	0.49
		3	365.61	0.44
		4	365.31	0.19
		5	365.29	0.12
		6	365.13	0.09
		7	365.08	0.04
		8	365.40	0.24
		9	365.41	0.08
		10		
		11		
		12		
		13		
		14	365.41	0.22
		15	365.51	0.16
		16	365.54	0.2
		17	365.55	0.21
		18	365.37	0.23
		19	365.51	0.23
		20	365.63	0.24
		21	365.73	0.67
		22	365.29	0.11
		23	365.40	0.21
		24	365.42	0.18
		25	365.43	0.14
		26	365.62	0.17
		27	365.76	0.45
		28	365.51	0.24
		29	365.51	0.34
		30	365.23	0.31
		31	365.35	0.21
1998  November	1	365.54	0.22
		2	365.50	0.11
		3	365.24	0.33
		4	365.60	0.52
		5	365.15	0.28
		6	364.94	0.2
		7	364.51	0.19
		8	364.42	0.21
		9	364.47	0.38
		10	364.29	0.21
		11	364.56	0.11
		12	364.68	0.24
		13	365.43	0.28
		14	365.34	0.33
		15	365.34	0.27
		16	365.40	0.13
		17	365.40	0.24
		18	365.53	0.11
		19	365.29	0.04
		20	364.91	0.15
		21	364.80	0.1
		22	364.76	0.25
		23	364.82	0.09
		24	364.93	0.14
		25	364.80	0.18
		26	364.68	0.1
		27		
		28	364.93	0.09
		29	365.06	0.07
		30	365.07	0.38
1998   December	1	365.11	0.11
		2	365.24	0.38
		3	365.55	0.45
		4	364.82	0.4
		5	365.18	0.57
		6	364.64	0.44
		7	364.14	0.2
		8	364.20	0.12
		9	364.18	0.15
		10	364.33	0.08
		11	364.46	0.17
		12	364.47	0.1
		13	364.42	0.15
		14	364.76	0.46
		15	364.45	0.16
		16	364.43	0.14
		17	364.68	0.39
		18	364.73	0.33
		19	364.71	0.07
		20	364.56	0.21
		21	364.57	0.19
		22	364.47	0.23
		23	364.48	0.12
		24	364.83	0.33
		25	364.70	0.33
		26	364.41	0.25
		27	364.31	0.09
		28	364.55	0.19
		29	364.70	0.19
		30	364.56	0.15
		31	364.57	0.21
1999	January	1	364.34	0.18
		2	364.43	0.39
		3	364.16	0.17
		4	364.30	0.18
		5	364.27	0.1
		6	364.37	0.28
		7	364.13	0.07
		8	364.31	0.32
		9	364.68	0.19
		10	364.75	0.17
		11	364.50	0.45
		12	364.65	0.09
		13	364.09	0.71
		14		0.02
		15	364.36	0.06
		16	364.42	0.12
		17	364.42	0.24
		18		1.11
		19	365.21	0.25
		20	364.94	0.16
		21	364.91	0.15
		22	364.79	0.17
		23	364.99	0.17
		24	364.82	0.08
		25	365.14	0.46
		26	364.77	0.1
		27	364.92	0.4
		28	365.06	0.5
		29	364.64	0.16
		30	364.73	0.15
		31	364.65	0.1
1999   February	1	364.90	0.13
		2	364.69	0.47
		3	364.58	0.24
		4	364.80	0.16
		5	364.72	0.17
		6	365.01	0.42
		7	364.88	0.2
		8	364.42	0.29
		9	364.41	0.14
		10	364.39	0.15
		11	365.16	0.45
		12	364.94	0.37
		13	365.18	0.46
		14	364.94	0.45
		15	364.70	0.15
		16	364.44	0.16
		17	364.05	0.06
		18	364.16	0.15
		19	364.24	0.09
		20	364.17	0.06
		21	364.74	0.43
		22	364.77	0.12
		23	364.88	0.08
		24	364.98	0.24
		25	364.99	0.14
		26	364.74	0.15
		27	365.00	0.21
		28	364.97	0.4
1999	March	1	364.76	0.19
		2	364.61	0.09
		3	364.60	0.38
		4	364.91	0.22
		5	364.82	0.21
		6	364.56	0.14
		7	364.77	0.33
		8	364.83	0.46
		9	364.72	0.18
		10	364.45	0.15
		11	364.52	0.08
		12	364.56	0.16
		13	364.61	0.1
		14	364.71	0.17
		15	364.64	0.18
		16	365.01	0.09
		17	365.14	0.12
		18	364.76	0.87
		19	364.81	0.21
		20	364.75	0.19
		21	365.02	0.1
		22	364.64	0.28
		23	364.27	0.15
		24	364.84	0.38
		25	364.15	0.26
		26	364.30	0.23
		27	364.16	0.15
		28	364.67	0.16
		29	365.01	0.13
		30	364.90	0.37
		31	364.58	0.09
1999	April	1	364.85	0.18
		2	364.96	0.17
		3	365.14	0.4
		4	365.11	0.35
		5	365.18	0.53
		6	365.26	0.46
		7	365.10	0.11
		8	365.31	0.25
		9	365.36	0.18
		10	365.46	0.36
		11	365.51	0.34
		12	365.31	0.13
		13	365.18	0.11
		14	365.12	0.19
		15	364.98	0.16
		16	365.13	0.18
		17	365.38	0.31
		18	365.28	0.08
		19	365.12	0.19
		20	364.94	0.1
		21	365.07	0.23
		22	364.86	0.08
		23	364.90	0.09
		24	364.98	0.15
		25	365.48	0.32
		26	365.30	0.29
		27	365.43	0.21
		28	365.39	0.27
		29	365.25	0.12
		30	365.47	0.42
1999	May	1	365.31	0.13
		2	365.21	0.09
		3	365.29	0.18
		4	364.97	0.12
		5	364.94	0.1
		6	365.11	0.11
		7	365.27	0.16
		8	365.05	0.14
		9	365.21	0.1
		10	364.94	0.34
		11	365.23	0.18
		12	364.91	0.14
		13	365.17	0.16
		14	365.12	0.26
		15	364.90	0.08
		16	365.08	0.2
		17	365.28	0.39
		18	365.49	0.37
		19	365.45	0.15
		20	365.08	0.08
		21	365.75	0.23
		22	365.83	0.38
		23	365.65	0.22
		24	365.50	0.12
		25	365.47	0.1
		26	365.65	0.37
		27	365.59	0.53
		28	365.40	0.18
		29	365.53	0.38
		30	365.33	0.14
		31	365.38	0.08
1999	June	1	365.36	0.15
		2	365.35	0.11
		3	365.44	0.24
		4	365.38	0.45
		5	365.58	0.4
		6	365.53	0.42
		7	365.50	0.21
		8	365.70	0.11
		9	365.78	0.12
		10	365.91	0.35
		11	365.85	0.24
		12	366.00	0.2
		13	365.90	0.22
		14	365.66	0.27
		15	365.03	0.14
		16	365.00	0.2
		17	365.14	0.19
		18	365.08	0.12
		19	365.21	0.07
		20	365.38	0.08
		21	365.58	0.08
		22	365.53	0.1
		23	365.40	0.05
		24	365.34	0.06
		25	365.32	0.06
		26	365.35	0.08
		27	365.35	0.14
		28	365.51	0.23
		29	365.78	0.1
		30	365.63	0.08
1999	July	1		
		2	365.65	0.11
		3	365.69	0.1
		4	365.79	0.1
		5	365.82	0.16
		6	365.83	0.14
		7	365.94	0.11
		8	365.84	0.17
		9	365.77	0.06
		10	365.84	0.1
		11	365.89	0.33
		12	365.87	0.16
		13	366.04	0.32
		14	365.95	0.28
		15	365.93	0.36
		16	365.62	0.14
		17	365.72	0.08
		18	366.06	0.33
		19	366.12	0.13
		20	366.34	0.22
		21	366.15	0.15
		22	366.38	0.16
		23	366.21	0.1
		24	366.29	0.06
		25	366.22	0.09
		26	365.98	0.21
		27	366.16	0.3
		28	365.91	0.29
		29	365.88	0.32
		30	365.83	0.29
		31	365.76	0.05
1999	August	1	365.91	0.19
		2	365.96	0.17
		3	365.99	0.32
		4	365.90	0.1
		5	365.83	0.09
		6	366.16	0.32
		7	366.18	0.34
		8	365.91	0.13
		9	366.02	0.07
		10	365.96	0.06
		11	365.84	0.06
		12	365.84	0.22
		13	365.92	0.12
		14	365.91	0.25
		15	366.09	0.19
		16	366.35	0.45
		17	366.52	0.43
		18	366.26	0.08
		19	366.20	0.11
		20	366.35	0.12
		21	366.38	0.17
		22	366.59	0.5
		23	366.51	0.23
		24	366.78	0.5
		25	366.79	0.5
		26	366.28	0.1
		27	366.41	0.14
		28	366.56	0.39
		29	366.64	0.39
		30	366.46	0.25
		31	366.60	0.08
1999  September	1	366.64	0.08
		2	366.65	0.28
		3	366.63	0.17
		4	366.85	0.23
		5	366.77	0.38
		6	366.40	0.2
		7	366.27	0.22
		8	366.45	0.37
		9	366.64	0.45
		10	366.54	0.09
		11	366.42	0.12
		12	366.39	0.28
		13	366.20	0.14
		14	366.38	0.14
		15	366.55	0.05
		16	366.35	0.11
		17	366.37	0.08
		18	366.65	0.14
		19	366.48	0.19
		20	366.46	0.26
		21	366.67	0.13
		22	366.80	0.22
		23	367.08	0.35
		24	366.77	0.13
		25	366.74	0.21
		26	366.78	0.09
		27	366.63	0.12
		28	366.58	0.15
		29	366.45	0.12
		30	365.98	0.48
1999	October	1	366.61	0.14
		2	366.54	0.19
		3	366.40	0.2
		4	366.32	0.17
		5	366.84	0.36
		6	366.42	0.65
		7		0.91
		8	366.69	0.19
		9	366.62	0.2
		10	366.38	0.14
		11	366.48	0.19
		12	366.62	0.25
		13	366.80	0.14
		14	366.99	0.1
		15	367.46	0.36
		16	366.98	0.24
		17	367.04	0.11
		18	366.75	0.28
		19	366.79	0.18
		20	366.85	0.17
		21	366.97	0.43
		22	366.65	0.32
		23	366.66	0.34
		24	366.86	0.43
		25	366.56	0.36
		26	366.71	0.09
		27	366.74	0.21
		28	366.60	0.17
		29	366.56	0.13
		30	366.61	0.21
		31	366.42	0.41
1999   November	1	366.27	0.14
		2	366.47	0.15
		3	366.44	0.18
		4	366.62	0.13
		5	366.57	0.15
		6	366.48	0.27
		7	366.40	0.03
		8	366.78	0.22
		9	366.45	0.44
		10	366.38	0.11
		11	366.37	0.3
		12	366.35	0.21
		13	366.06	0.22
		14	366.09	0.64
		15	366.86	0.37
		16	366.60	0.09
		17	366.59	0.16
		18	366.55	0.06
		19	366.22	0.21
		20	366.46	0.39
		21	366.17	0.24
		22	366.43	0.32
		23	366.27	0.38
		24	366.69	0.34
		25	366.46	0.15
		26	366.46	0.16
		27	366.21	0.36
		28	366.06	0.23
		29	366.31	0.24
		30	366.42	0.38
1999   December	1	366.03	0.27
		2	365.64	0.39
		3	365.51	0.23
		4	366.21	0.75
		5	365.91	0.34
		6	366.10	0.57
		7	366.20	0.28
		8	366.41	0.39
		9	365.81	0.43
		10	365.46	0.15
		11	365.37	0.38
		12	365.13	0.21
		13	365.63	0.65
		14	366.26	0.29
		15	366.33	0.19
		16	366.32	0.18
		17	366.28	0.25
		18	366.34	0.24
		19	366.21	0.12
		20	366.13	0.08
		21	366.42	0.28
		22	366.26	0.25
		23	366.01	0.19
		24	366.19	0.16
		25	366.39	0.19
		26	366.13	0.28
		27	365.96	0.12
		28	365.78	0.17
		29	365.97	0.11
		30	365.79	0.21
		31	365.84	0.2
2000	January	1	366.09	0.46
		2	365.90	0.14
		3	366.65	0.95
		4	366.39	0.16
		5	366.14	0.31
		6	366.14	0.13
		7	366.17	0.27
		8	366.13	0.09
		9	366.47	0.61
		10	366.26	0.33
		11	366.04	0.29
		12	366.20	0.59
		13	365.95	0.31
		14	366.06	0.07
		15	365.76	0.2
		16	365.78	0.16
		17	365.87	0.16
		18	365.91	0.31
		19	365.96	0.18
		20	365.96	0.21
		21	366.11	0.39
		22	366.11	0.29
		23	365.97	0.41
		24	366.26	0.34
		25	366.16	0.24
		26	365.94	0.08
		27	365.89	0.25
		28	365.97	0.22
		29	365.95	0.29
		30	365.84	0.36
		31	365.41	0.45
2000   February	1	365.27	0.33
		2	365.55	0.3
		3	365.20	0.18
		4	366.06	0.24
		5	365.97	0.22
		6	366.05	0.2
		7	366.08	0.22
		8	366.08	0.13
		9	366.16	0.18
		10	365.32	0.21
		11	365.52	0.2
		12	365.76	0.19
		13	366.01	0.25
		14	365.75	0.08
		15	366.05	0.17
		16	366.17	0.11
		17	366.13	0.12
		18	366.04	0.23
		19	366.03	0.21
		20	366.11	0.13
		21	366.20	0.18
		22	366.24	0.22
		23	366.32	0.21
		24	366.22	0.12
		25	365.89	0.36
		26	365.95	0.2
		27	366.34	0.08
		28	366.25	0.22
		29	366.20	0.14
2000	March	1	366.03	0.12
		2	366.07	0.11
		3	366.10	0.13
		4	365.87	0.31
		5	365.94	0.17
		6	366.25	0.26
		7	366.42	0.19
		8	366.22	0.41
		9	366.18	0.25
		10	366.11	0.16
		11	365.89	0.14
		12	366.03	0.27
		13	366.00	0.09
		14	365.94	0.15
		15	365.77	0.13
		16	365.70	0.12
		17	365.75	0.11
		18	365.90	0.16
		19	365.92	0.17
		20	365.82	0.16
		21	366.14	0.14
		22	365.89	0.16
		23	365.90	0.22
		24	365.84	0.14
		25	365.82	0.12
		26	365.69	0.17
		27	365.87	0.31
		28	365.82	0.09
		29	365.96	0.14
		30	365.78	0.18
		31	365.71	0.44
2000	April	1	365.90	0.26
		2	365.80	0.16
		3	365.62	0.15
		4	365.90	0.61
		5	365.80	0.27
		6	365.65	0.2
		7	365.77	0.09
		8	365.86	0.41
		9	365.84	0.26
		10	366.20	0.27
		11	366.15	0.3
		12	366.57	0.38
		13	365.81	0.24
		14	365.81	0.13
		15	366.28	0.11
		16	366.05	0.06
		17	365.90	0
		18	366.12	0.08
		19	365.98	0.12
		20	366.12	0.22
		21	365.83	0.32
		22	366.24	0.15
		23	365.97	0.3
		24	366.09	0.38
		25	366.13	0.11
		26	366.06	0.14
		27	366.03	0.14
		28	366.03	0.14
		29	366.03	0.2
		30	365.86	0.12
2000	May	1	366.41	0.62
		2	366.13	0.14
		3	366.29	0.23
		4	366.19	0.19
		5	366.52	0.32
		6	366.37	0.17
		7	366.06	0.12
		8	365.87	0.08
		9	366.05	0.13
		10	366.29	0.17
		11	366.19	0.15
		12	366.21	0.22
		13	366.43	0.54
		14	366.15	0.24
		15	366.55	0.34
		16	366.46	0.39
		17	365.98	0.08
		18	365.99	0.04
		19	366.56	0.57
		20	366.27	0.37
		21	366.41	0.36
		22	366.14	0.08
		23	366.07	0.06
		24	366.35	0.12
		25	366.27	0.12
		26	366.56	0.1
		27	366.41	0.05
		28	366.24	0.04
		29	366.35	0.09
		30	366.29	0.09
		31	366.08	0.07
2000	June	1	366.15	0.11
		2	366.29	0.08
		3	366.50	0.16
		4	366.35	0.33
		5	366.81	0.17
		6	366.49	0.18
		7	366.57	0.1
		8	366.45	0.1
		9	366.48	0.08
		10	366.43	0.14
		11	366.29	0.26
		12	366.80	0.49
		13	366.68	0.24
		14	366.31	0.24
		15	366.24	0.17
		16	366.76	0.54
		17	366.66	0.31
		18	366.46	0.22
		19	366.51	0.39
		20	367.01	0.45
		21	366.28	0.11
		22	366.17	0.13
		23	366.45	0.29
		24	366.80	0.24
		25	366.26	0.21
		26	366.51	0.24
		27	366.76	0.18
		28	366.52	0.07
		29	366.43	0.17
		30	366.35	0.13
2000	July	1	366.40	0.21
		2	366.31	0
		3	366.28	0.17
		4	366.73	0.15
		5	366.42	0.16
		6	366.46	0.16
		7	366.45	0.21
		8	366.76	0.22
		9	366.91	0.25
		10	366.81	0.18
		11	366.73	0.17
		12	366.82	0.09
		13	366.75	0.15
		14	366.81	0.15
		15	366.64	0.16
		16	366.92	0.15
		17	366.84	0.13
		18	367.01	0.14
		19	366.82	0.09
		20	366.63	0.13
		21	367.01	0.32
		22	366.96	0.2
		23	366.49	0.14
		24	366.82	0.24
		25	367.24	0.2
		26	367.29	0.29
		27	367.07	0.16
		28	366.94	0.14
		29	366.85	0.12
		30	367.43	0.3
		31	366.93	0.06
2000	August	1	366.86	0.08
		2	366.59	0.29
		3	366.97	0.06
		4	366.81	0.17
		5	366.63	0.12
		6	366.74	0.1
		7	366.88	0.16
		8	367.61	0.64
		9	367.24	0.36
		10	367.33	0.19
		11	367.51	0.27
		12	367.23	0.25
		13	367.20	0.06
		14	367.20	0.08
		15	367.40	0.27
		16	367.08	0.32
		17	367.14	0.23
		18	367.24	0.2
		19	367.05	0.16
		20	367.19	0.19
		21	367.39	0.3
		22	367.03	0.18
		23	367.31	0.13
		24	367.00	0.08
		25	367.36	0.11
		26	367.41	0.11
		27	367.52	0.09
		28	367.68	0.38
		29	367.41	0.07
		30	367.26	0.11
		31	367.29	0.08
2000  September	1	367.64	0.25
		2	367.35	0.2
		3	367.21	0.06
		4	367.26	0.08
		5	367.32	0.14
		6	367.12	0.08
		7	367.22	0.05
		8	367.42	0.43
		9	368.16	0.22
		10	367.65	0.27
		11	367.25	0.09
		12	367.51	0.14
		13	367.85	0.37
		14	367.61	0.26
		15	367.45	0.11
		16	367.41	0.23
		17	367.44	0.13
		18	367.71	0.32
		19	367.46	0.13
		20	367.40	0.17
		21	367.94	0.26
		22	367.45	0.12
		23	367.54	0.48
		24	367.35	0.1
		25	367.82	0.18
		26	367.61	0.15
		27	367.50	0.09
		28	367.56	0.18
		29	367.86	0.4
		30	367.55	0.21
2000	October	1	367.36	0.14
		2	367.74	0.38
		3	367.60	0.12
		4	367.44	0.12
		5	367.47	0.11
		6	367.32	0.16
		7	367.33	0.31
		8	367.67	0.2
		9	367.48	0.34
		10	367.59	0.24
		11	367.54	0.07
		12	367.65	0.05
		13	367.83	0.38
		14	367.76	0.15
		15	367.85	0.34
		16	367.81	0.32
		17	367.53	0.21
		18	367.85	0.55
		19	367.25	0.25
		20	367.33	0.32
		21	367.74	0.17
		22	367.48	0.27
		23	368.10	0.22
		24	367.69	0.28
		25	367.79	0.28
		26	367.59	0.24
		27	367.69	0.22
		28	367.93	0.37
		29	367.86	0.29
		30	367.92	0.14
		31	367.90	0.18
2000   November	1	368.15	0.21
		2	367.85	0.2
		3	367.64	0.35
		4	367.11	0.27
		5	367.38	0.34
		6	367.46	0.25
		7	367.36	0.22
		8	367.43	0.11
		9	367.55	0.14
		10	367.88	0.19
		11	367.51	0.27
		12	367.59	0.13
		13	367.52	0.33
		14	367.59	0.24
		15	367.65	0.22
		16	367.67	0.23
		17	367.83	0.15
		18	367.68	0.07
		19	367.75	0.21
		20	367.55	0.13
		21	367.39	0.18
		22	367.35	0.07
		23	367.37	0.35
		24	367.25	0.23
		25	367.23	0.14
		26	367.40	0.29
		27	367.19	0.27
		28	367.27	0.15
		29	367.38	0.16
		30	367.53	0.14
2000   December	1	367.52	0.13
		2	367.52	0.09
		3	367.49	0.29
		4	367.18	0.14
		5	367.17	0.16
		6	366.70	0.14
		7	366.88	0.11
		8	366.76	0.11
		9	366.81	0.19
		10	366.80	0.09
		11	367.14	0.14
		12	367.19	0.09
		13	367.16	0.1
		14	367.25	0.09
		15	367.45	0.78
		16	367.31	0.08
		17	367.12	0.24
		18	366.79	0.16
		19	366.89	0.1
		20	366.81	0.14
		21	366.93	0.18
		22	366.81	0.3
		23	366.54	0.13
		24	366.48	0.41
		25	366.62	0.12
		26	366.89	0.19
		27	366.54	0.48
		28	366.68	0.12
		29	366.29	0.08
		30	366.65	0.12
		31	366.73	0.13
2001	January	1	366.94	0.11
		2	366.95	0.12
		3	366.80	0.15
		4	366.77	0.21
		5	366.66	0.37
		6	366.55	0.21
		7	366.79	0.32
		8	366.72	0.32
		9	366.45	0.23
		10	366.46	0.07
		11	366.61	0.18
		12	366.46	0.31
		13	366.73	0.35
		14	366.70	0.2
		15	366.81	0.2
		16	366.56	0.3
		17	366.90	0.61
		18	366.37	0.23
		19	366.28	0.18
		20	366.77	0.38
		21	366.67	0.13
		22	366.87	0.18
		23	367.13	0.12
		24	366.57	0.38
		25	366.12	0.17
		26	366.10	0.14
		27	366.13	0.1
		28	366.20	0.14
		29	366.24	0.22
		30	366.05	0.08
		31		2.14
2001   February	1	366.91	0.14
		2	366.76	0.2
		3	366.60	0.12
		4	366.56	0.23
		5	366.60	0.13
		6	366.68	0.05
		7	366.79	0.18
		8	366.79	0.32
		9	366.81	0.41
		10	366.53	0.13
		11	366.69	0.14
		12	366.51	0.32
		13	366.59	0.18
		14	366.52	0.1
		15	366.54	0.1
		16	366.74	0
		17		
		18	367.09	0.02
		19	367.17	0.22
		20	367.33	0.12
		21	366.89	0.2
		22	366.95	0.06
		23	367.07	0.11
		24	367.42	0.22
		25	367.13	0.16
		26	366.44	0.7
		27	367.17	0.34
		28	366.98	0.42
2001	March	1	366.93	0.4
		2	366.91	0.2
		3	367.24	0.14
		4	367.15	0.27
		5	367.02	0.21
		6	367.06	0.18
		7	367.24	0.27
		8	366.96	0.14
		9	367.12	0.13
		10	367.11	0.14
		11	367.07	0.3
		12	367.11	0.19
		13	366.91	0.35
		14	366.92	0.21
		15	366.86	0.2
		16	367.28	0.35
		17	367.04	0.17
		18	367.10	0.11
		19	366.88	0.17
		20	367.20	0.46
		21	367.19	0.23
		22	367.28	0.11
		23	367.04	0.2
		24	367.20	0.19
		25	367.19	0.25
		26	367.33	0.29
		27	367.35	0.22
		28	367.39	0.19
		29	367.18	0.31
		30	367.23	0.2
		31	367.25	0.19
2001	April	1	367.36	0.67
		2	366.98	0.17
		3	366.60	0.75
		4		0.9
		5		0.17
		6	366.69	0.09
		7	367.17	0.43
		8	367.02	0.21
		9	367.23	0.37
		10	366.92	0.07
		11	366.78	0.07
		12	366.84	0.13
		13	366.86	0.18
		14	367.04	0.15
		15	367.18	0.21
		16	367.17	0.17
		17	367.10	0.33
		18	366.67	0.25
		19	366.97	0.15
		20	367.43	0.4
		21	366.65	0.21
		22	366.41	0.27
		23	366.58	0.19
		24	366.54	0.08
		25	366.74	0.14
		26	366.93	0.05
		27	366.99	0.19
		28	366.55	0.4
		29	366.97	0.27
		30	366.79	0.22
2001	May	1	367.19	0.21
		2	367.32	0.32
		3	367.31	0.35
		4	367.17	0.18
		5	367.21	0.06
		6	367.12	0.18
		7	367.08	0.08
		8		
		9		
		10		
		11		
		12	367.15	0.23
		13	367.61	0.4
		14	367.51	0.28
		15	367.72	0.41
		16	367.59	0.09
		17	367.28	0.1
		18	367.66	0.43
		19	368.52	0.32
		20	367.78	0.25
		21	367.66	0.09
		22	367.57	0.1
		23	367.56	0.09
		24	367.42	0.15
		25	367.50	0.15
		26	367.50	0.06
		27	367.52	0.14
		28	367.67	0.2
		29	367.75	0.11
		30	367.87	0.42
		31	367.46	0.11
2001	June	1	367.78	0.21
		2	367.86	0.1
		3	367.88	0.18
		4	367.70	0.23
		5	367.65	0.15
		6	367.77	0.22
		7	367.79	0.13
		8	368.12	0.21
		9	367.93	0.12
		10	367.86	0.12
		11	368.09	0.19
		12	367.95	0.08
		13	368.12	0.43
		14	367.80	0.13
		15	368.71	0.15
		16	368.95	0.24
		17	368.74	0.13
		18	368.82	0.14
		19	369.02	0.17
		20	368.93	0.2
		21	368.86	0.31
		22	368.83	0.26
		23	368.38	0.09
		24	368.23	0.18
		25	368.20	0.12
		26	368.31	0.33
		27	368.50	0.43
		28	368.04	0.17
		29	368.37	0.35
		30	368.45	0.26
2001	July	1	368.35	0.09
		2	368.27	0.06
		3	368.17	0.09
		4	368.09	0.09
		5	368.36	0.23
		6	368.82	0.27
		7	368.88	0.35
		8	369.24	0.46
		9	368.83	0.26
		10	368.58	0.1
		11	368.86	0.16
		12	369.02	0.25
		13	368.89	0.14
		14		1.33
		15	368.49	0.58
		16	367.44	0.09
		17	367.47	0.09
		18	367.52	0.08
		19	368.29	0.57
		20	369.13	0.17
		21	368.91	0.11
		22	368.68	0.15
		23	368.75	0.16
		24	368.73	0.07
		25	369.15	0.45
		26	368.71	0.23
		27	368.47	0.16
		28	368.59	0.21
		29	368.71	0.19
		30	368.79	0.26
		31	368.96	0.12
2001	August	1	368.92	0.14
		2	368.75	0.35
		3	369.07	0.44
		4	368.51	0.1
		5	368.42	0.12
		6	368.86	0.27
		7	368.74	0.19
		8	369.13	0.33
		9	369.01	0.29
		10	368.77	0.39
		11	368.37	0.82
		12		 
		13	369.10	0.56
		14	369.23	0.32
		15	369.20	0.24
		16	368.93	0.19
		17	369.32	0.33
		18	369.35	0.14
		19	369.37	0.25
		20	369.48	0.49
		21	369.36	0.17
		22	369.36	0.12
		23	369.69	0.28
		24	369.03	0.3
		25	369.37	0.57
		26	368.99	0.17
		27	368.90	0.72
		28	369.00	0.16
		29		
		30		
		31		
2001  September	1	369.52	0.09
		2	369.67	0.32
		3	369.65	0.11
		4	369.71	0.37
		5	369.31	0.06
		6	369.01	0.32
		7	368.72	0.08
		8	368.79	0.26
		9	368.52	0.26
		10	368.60	0.21
		11	368.87	0.56
		12	368.84	0.38
		13	369.39	0.49
		14	369.61	0.13
		15	369.79	0.3
		16	369.71	0.23
		17	369.75	0.22
		18	369.62	0.22
		19	369.91	0.16
		20	369.71	0.59
		21		0.55
		22		1.13
		23		0.29
		24		0.32
		25		0.23
		26		0.08
		27		0.25
		28		0.2
		29		0.12
		30		0.33
2001	October	1		0.15
		2	368.77	0.21
		3	369.17	0.49
		4	369.55	0.07
		5	369.31	0.11
		6	369.90	0.33
		7	369.60	0.57
		8	369.71	0.22
		9	369.76	0.23
		10	369.80	0.19
		11	370.00	0.1
		12	369.88	0.06
		13	369.84	0.17
		14	369.91	0.29
		15	369.58	0.17
		16	369.56	0.09
		17	369.47	0.36
		18	369.51	0.14
		19	369.48	0.21
		20	369.41	0.11
		21	369.55	0.28
		22	369.37	0.11
		23	369.23	0.19
		24	369.29	0.1
		25	369.80	0.39
		26	369.81	0.16
		27	369.87	0.4
		28	369.83	0.28
		29	369.73	0.24
		30	369.53	0.06
		31	369.74	0.22
2001   November	1	369.82	0.33
		2	369.82	0.12
		3	370.04	0.31
		4	369.75	0.33
		5	369.66	0.24
		6	369.77	0.11
		7	369.62	0.19
		8	369.21	0.13
		9	369.34	0.18
		10	369.18	0.17
		11	369.23	0.08
		12	369.05	0.18
		13	369.19	0.15
		14	369.16	0.33
		15	369.51	0.4
		16	369.78	0.21
		17	369.83	0.05
		18	370.08	0.29
		19	370.01	0.37
		20	369.81	0.16
		21	369.94	0.35
		22	370.75	0.45
		23	369.78	0.44
		24	369.49	0.19
		25	369.63	0.18
		26	369.59	0.36
		27	369.40	0.32
		28	369.58	0.29
		29	369.30	0.18
		30	368.97	0.2
2001  December	1	369.09	0.2
		2	368.79	0.11
		3	369.03	0.04
		4	369.28	0.01
		5	369.08	0.14
		6	369.49	0.11
		7	369.50	0.09
		8	369.03	0.19
		9	369.79	0.03
		10	369.33	0.09
		11	369.70	0.13
		12	369.29	0.04
		13	369.81	0.29
		14	369.54	0.05
		15	369.51	0.1
		16	369.94	0.5
		17	369.56	0.04
		18	369.61	0.04
		19	370.20	0.28
		20	369.51	0.05
		21	368.53	0.13
		22	368.87	0.02
		23	369.37	0.21
		24	368.97	0.02
		25	368.64	0.08
		26	368.19	0.04
		27	368.76	0.05
		28		
		29	369.68	0.03
		30	369.52	0.12
		31	369.30	0.18
2002	January	1	369.31	0.1
		2	369.62	0.14
		3	368.95	0.02
		4		
		5	369.35	0.04
		6	369.05	0.06
		7	369.73	0.11
		8	368.87	0
		9		
		10	369.42	0.11
		11	368.53	0.17
		12	368.64	0
		13		
		14	369.54	0.04
		15	368.33	0.11
		16	368.57	0.11
		17	368.46	0.13
		18	368.48	0.25
		19		
		20	370.16	0.03
		21	369.04	0.12
		22		
		23	369.04	0.41
		24	368.99	0.08
		25	368.95	0.05
		26	369.33	0
		27	368.96	0.1
		28	369.24	0.01
		29	369.20	0.17
		30		
		31	368.34	0.06
2002   February	1		
		2	369.53	0.07
		3	369.11	0.02
		4	369.30	0.06
		5		
		6	369.31	0.19
		7	369.36	0.23
		8	368.49	0.13
		9	368.15	0.02
		10	368.66	0.09
		11	368.42	0.04
		12	368.76	0.03
		13	368.50	0.02
		14	368.47	0
		15		
		16	369.29	0.08
		17		
		18	369.88	0.26
		19	368.98	0.24
		20	369.39	0.12
		21	368.83	0.13
		22		
		23		
		24	368.81	0.09
		25	368.58	0.15
		26	369.12	0.15
		27	369.34	0.09
		28		
2002	March	1		
		2		
		3		
		4		
		5		
		6		
		7		
		8		
		9	368.98	0.07
		10	368.63	0.2
		11		
		12		
		13		
		14		
		15		
		16	368.66	0.19
		17		
		18		
		19	369.91	0.25
		20	369.63	0.21
		21	369.39	0.07
		22	369.20	0.1
		23	369.24	0.1
		24		
		25		
		26		
		27	369.85	0.4
		28	369.23	0.14
		29	369.63	0.03
		30	369.87	0.11
		31		
2002	April	1		
		2		
		3		
		4	369.38	0.07
		5	369.68	0.09
		6	370.11	0.1
		7	369.67	0.12
		8	369.64	0.01
		9	369.74	0.15
		10		
		11	369.71	0.05
		12	369.27	0
		13	369.65	0.08
		14	369.72	0.11
		15	369.84	0.09
		16	369.87	0.04
		17	369.77	0
		18	369.68	0.1
		19	369.79	0.14
		20		
		21	370.07	0.07
		22	369.83	0.06
		23	370.29	0.36
		24		
		25		
		26	369.92	0.36
		27	370.42	0.21
		28		
		29		
		30		
2002	May	1		
		2		
		3		
		4		
		5		
		6		
		7		
		8		
		9		
		10		
		11		
		12		
		13		
		14		
		15		
		16		
		17	369.61	0.08
		18	369.09	0.38
		19	368.99	0.2
		20	369.14	0.25
		21	369.39	0.31
		22	369.49	0.44
		23	369.41	0.28
		24	369.83	0.22
		25	369.77	0.46
		26	369.62	0.3
		27	369.56	0.12
		28	369.73	0.17
		29	369.46	0.3
		30	369.28	0.21
		31	369.43	0.25
2002	June	1	369.58	0.2
		2	369.43	0.24
		3	369.33	0.1
		4	369.51	0.21
		5	369.69	0.2
		6	369.61	0.2
		7	369.40	0.09
		8	369.50	0.1
		9	369.66	0.3
		10	369.52	0.24
		11	369.52	0.17
		12	369.52	0.09
		13	369.60	0.19
		14	369.62	0.19
		15	369.64	0.2
		16	369.67	0.13
		17	369.57	0.23
		18	369.45	0.24
		19	369.62	0.15
		20	369.70	0.29
		21	369.43	0.5
		22	369.82	0.19
		23		
		24	369.90	0.05
		25		
		26		
		27		
		28		
		29		
		30		
2002	July	1		
		2		
		3		
		4		
		5		
		6		
		7		
		8		
		9		
		10		
		11		
		12		
		13		
		14		
		15		
		16		
		17		
		18		
		19		
		20		
		21		
		22		
		23		
		24		
		25		
		26		
		27		
		28		
		29		
		30		
		31		
2002	August	1	371.56	0.08
		2	371.56	0
		3	371.56	0.17
		4	371.70	0.11
		5	371.84	0.19
		6		
		7	371.39	0.41
		8	371.53	0.21
		9	371.84	0.29
		10	372.19	0.22
		11	371.93	0.25
		12	371.73	0.39
		13	371.69	0.2
		14	371.81	0.41
		15	371.75	0.17
		16	372.07	0.22
		17	372.13	0.24
		18	371.84	0.15
		19	371.84	0.2
		20	372.02	0.25
		21	371.69	0.2
		22	371.58	0.25
		23	371.52	0.08
		24	371.48	0.21
		25	371.94	0.32
		26	371.78	0.31
		27	371.80	0.23
		28	371.72	0.22
		29	371.40	0.13
		30	371.42	0.14
		31	371.51	0.08
2002  September	1	371.59	0.17
		2	371.67	0.06
		3	371.56	0.18
		4	371.49	0.07
		5	371.48	0.1
		6	371.64	0.08
		7	371.72	0.34
		8	371.68	0.2
		9	371.62	0.17
		10	371.97	0.13
		11	371.80	0.14
		12	371.66	0.22
		13	371.55	0.17
		14	371.65	0.16
		15	371.89	0.09
		16	371.80	0.2
		17	372.17	0.33
		18	372.01	0.3
		19	372.23	0.24
		20	372.25	0.31
		21		
		22		
		23		
		24		
		25	372.12	0.05
		26	372.13	0.1
		27	372.23	0.25
		28	372.23	0.13
		29	372.37	0
		30		
2002	October	1		
		2		
		3		
		4	372.10	0
		5	372.12	0.11
		6	372.01	0.18
		7	371.94	0.14
		8	371.95	0.07
		9	371.99	0.07
		10	371.95	0.05
		11	372.00	0.12
		12	371.99	0.1
		13	372.04	0.1
		14	371.98	0.11
		15	372.18	0.25
		16	372.26	0.15
		17	372.02	0.11
		18	372.12	0.11
		19	372.15	0.22
		20	372.07	0.05
		21	372.08	0.07
		22	372.04	0.05
		23	371.94	0.05
		24	371.94	0.1
		25	371.96	0.06
		26	371.79	0.15
		27	371.42	0.22
		28	371.11	0.37
		29		
		30		
		31	372.19	0.11
2002   November	1	372.61	0.59
		2	372.24	0.11
		3	371.96	0.14
		4	372.09	0.13
		5	372.58	0.28
		6		
		7	372.21	0.52
		8	371.94	0.13
		9	371.91	0.19
		10	371.54	0.26
		11	372.14	0.55
		12	371.86	0.24
		13	371.91	0.15
		14	372.22	0.12
		15	371.97	0.13
		16	372.08	0.09
		17	372.13	0.14
		18	372.11	0.11
		19	371.95	0.12
		20	371.82	0.14
		21	371.90	0.12
		22	372.16	0.27
		23	371.94	0.3
		24	372.32	0.19
		25	371.85	0.15
		26	371.68	0.27
		27	372.08	0.09
		28	372.02	0.11
		29	371.84	0.24
		30	372.09	0.42
2002   December	1	371.91	0.25
		2	371.52	0.24
		3	371.68	0.81
		4	370.48	0.16
		5	370.61	0.14
		6	370.56	0.27
		7	370.44	0.12
		8	370.48	0.15
		9	370.45	0.37
		10	370.32	0.16
		11	370.39	0.04
		12		
		13	371.51	0.01
		14	371.87	0.23
		15	371.92	0.19
		16	372.52	0.4
		17	371.91	0.22
		18	371.77	0.2
		19	372.48	0.23
		20	372.12	0.22
		21	372.13	0.19
		22	371.77	0.31
		23	371.50	0.21
		24	371.50	0.19
		25	371.53	0.21
		26	371.35	0.24
		27	371.56	0.15
		28	371.47	0.18
		29	371.52	0.17
		30	371.17	0.29
		31	370.95	0.14
2003	January	1	370.98	0.22
		2	371.24	0.27
		3	370.91	0.22
		4	370.70	0.15
		5	370.79	0.1
		6		
		7		
		8		
		9		
		10		
		11		
		12		
		13		
		14		
		15		
		16		
		17		
		18	370.96	0.08
		19	370.72	0.44
		20	370.67	0.25
		21	371.09	0.19
		22	371.22	0.11
		23	371.28	0.06
		24	371.70	0.13
		25	371.53	0.18
		26	371.84	0.25
		27	371.89	0.14
		28	372.05	0.27
		29	371.74	0.14
		30	371.65	0.28
		31	371.55	0.22
2003   February	1	371.70	0.12
		2	371.82	0.08
		3	371.88	0.1
		4	372.20	0.41
		5	371.98	0.04
		6	371.80	0.19
		7	372.09	0.28
		8	372.66	0.61
		9	371.99	0.11
		10	371.98	0.08
		11	372.10	0.17
		12	371.69	0.28
		13	371.35	0.25
		14	371.08	0.11
		15	371.42	0.13
		16	371.60	0.28
		17	371.33	0.2
		18	371.22	0.25
		19	371.29	0.24
		20	371.49	0.43
		21	371.51	0.16
		22	371.44	0.16
		23	371.71	0.21
		24	371.44	0.24
		25	371.29	0.21
		26	371.63	0.62
		27	371.03	0.17
		28	371.06	0.22
2003	March	1	370.72	0.2
		2	370.75	0.2
		3	371.01	0.34
		4	370.59	0.24
		5	370.60	0.26
		6	370.84	0.36
		7	370.94	0.36
		8	370.66	0.27
		9	370.98	0.19
		10	371.05	0.26
		11	370.83	0.18
		12	370.34	0.5
		13	370.24	0.2
		14	370.31	0.33
		15	370.31	0.38
		16	370.29	0.19
		17	370.30	0.31
		18	370.22	0.15
		19	371.00	0.46
		20	370.42	0.46
		21	370.39	0.47
		22	370.88	0.44
		23	370.57	0.37
		24	370.30	0.25
		25	370.55	0.37
		26	370.30	0.28
		27	370.43	0.22
		28	370.62	0.02
		29	370.74	0.15
		30	370.51	0.24
		31	370.49	0.15
2003	April	1	370.83	0.17
		2	370.70	0.22
		3	370.83	0.31
		4	370.71	0.21
		5	370.64	0.17
		6	370.49	0.34
		7	370.75	0.3
		8	370.41	0.27
		9	370.51	0.3
		10	370.68	0.4
		11	370.71	0.31
		12	370.62	0.29
		13	370.53	0.29
		14	370.41	0.56
		15	370.54	0.49
		16	370.54	0.43
		17	370.44	0.2
		18	370.73	0.17
		19	371.03	0.89
		20	371.22	0.22
		21	370.96	0.19
		22	370.84	0.22
		23	370.99	0.42
		24	371.47	0.56
		25	370.74	0.26
		26	370.62	0.29
		27	370.43	0.21
		28	370.37	0.29
		29	370.79	0.62
		30		
2003	May	1	370.65	0.42
		2	370.46	0.22
		3	370.46	0.15
		4	370.63	0.27
		5	370.50	0.25
		6	371.00	0.34
		7	370.65	0.19
		8	370.51	0.04
		9	370.67	0.25
		10	370.57	0.12
		11	370.65	0.12
		12	370.55	0.14
		13	370.96	0.36
		14	370.81	0.18
		15		
		16		
		17		
		18		
		19	372.28	0.2
		20	372.40	0.16
		21	372.54	0.08
		22	373.36	0.25
		23	372.93	0.33
		24	372.22	0.29
		25	371.90	0.07
		26	371.93	0.13
		27	372.07	0.21
		28	372.19	0.16
		29	372.10	0.15
		30	372.22	0.15
		31	372.00	0.12
2003	June	1	371.96	0.26
		2	372.89	0.07
		3	372.50	0.13
		4	372.46	0.09
		5	372.56	0.1
		6	372.54	0.25
		7	372.43	0.24
		8	372.03	0.12
		9	372.17	0.16
		10	372.23	0.16
		11	372.39	0.18
		12	372.70	0.18
		13	372.19	0.15
		14	372.22	0.18
		15	372.10	0.1
		16	372.40	0.18
		17	372.63	0.06
		18	372.19	0.49
		19	372.12	0.11
		20	372.05	0.2
		21	371.94	0.11
		22	372.02	0.12
		23	371.92	0.09
		24	371.78	0.15
		25	371.61	0.16
		26	371.60	0.11
		27	371.89	0.09
		28	371.75	0.12
		29	371.99	0.15
		30	372.16	0.17
2003	July	1	372.49	0.11
		2	372.60	0.11
		3	372.47	0.21
		4	372.43	0.11
		5	372.51	0.16
		6	372.54	0.11
		7	372.67	0.15
		8	372.61	0.22
		9	372.59	0.15
		10	372.48	0.2
		11	372.59	0.21
		12	372.62	0.16
		13	372.56	0.15
		14	372.44	0.09
		15	372.66	0.31
		16	372.50	0.18
		17	372.90	0.29
		18	372.80	0.13
		19	372.83	0.23
		20	372.70	0.08
		21	372.64	0.09
		22	372.73	0.11
		23	372.72	0.1
		24	372.90	0.36
		25	372.60	0.21
		26	372.88	0.32
		27	372.85	0.11
		28	372.86	0.15
		29	372.96	0.22
		30	372.90	1.78
		31	372.90	0.09
2003	August	1	373.12	0.19
		2	373.14	0.26
		3	373.19	0.19
		4	373.24	0.29
		5	373.19	0.18
		6	373.07	0.1
		7	373.17	0.26
		8	373.09	0.08
		9	373.50	0.38
		10	373.14	0.2
		11	373.05	0.13
		12	373.22	0.31
		13	373.40	0.37
		14	373.22	0.28
		15	373.16	0.19
		16	373.52	0.16
		17	373.48	0.09
		18	373.39	0.13
		19	373.53	0.14
		20	373.36	0.11
		21	373.33	0.15
		22	373.23	0.48
		23	373.12	0.12
		24	372.67	0.09
		25	372.75	0.35
		26	372.20	0.22
		27	371.60	0.19
		28	371.54	0.26
		29	371.87	0.24
		30	371.97	0.14
		31	372.06	0.1
2003  September	1	372.72	0.69
		2	373.38	0.09
		3	373.56	0.35
		4	373.25	0.15
		5	373.24	0.37
		6	373.42	0.25
		7	373.46	0.27
		8	373.56	0.3
		9	373.19	0.21
		10	373.27	0.23
		11		
		12	373.44	0.17
		13	373.32	0.13
		14	373.24	0.2
		15	373.23	0.19
		16	372.96	0.17
		17	372.79	0.14
		18	373.18	0.31
		19	373.32	0.23
		20	373.62	0.23
		21	373.86	0.08
		22	373.73	0.14
		23	373.85	0.15
		24	373.72	0.19
		25	373.66	0.07
		26	373.85	0.31
		27	373.44	0.67
		28	373.81	0.41
		29	373.85	0.31
		30	373.66	0.1
2003	October	1	373.95	0.17
		2	374.00	0.24
		3	373.68	0.14
		4	373.64	0.12
		5	373.54	0.1
		6	373.56	0.13
		7	373.78	0.25
		8	373.39	0.13
		9	373.40	0.14
		10	373.40	0.3
		11	373.16	0.36
		12	372.83	0.24
		13	372.85	0.25
		14	373.67	0.39
		15	373.52	0.54
		16	373.18	0.3
		17	373.03	0.15
		18	372.77	0.17
		19	373.03	0.28
		20	373.54	0.38
		21	373.53	0.24
		22	373.53	0.31
		23	373.84	0.32
		24	373.78	0.45
		25	373.28	0.16
		26	373.23	0.26
		27	373.05	0.15
		28	373.05	0.2
		29	372.97	0.25
		30	373.12	0.29
		31	373.09	0.14
2003   November	1	373.00	0.27
		2	372.82	0.33
		3	372.72	0.21
		4	372.96	0.22
		5	372.95	0.44
		6	372.96	0.26
		7	373.05	0.28
		8	372.59	0.84
		9	372.70	0.39
		10	372.94	0.14
		11	373.29	0.43
		12	373.06	0.31
		13	373.06	0.5
		14	373.05	0.24
		15	372.93	0.22
		16	372.99	0.31
		17	372.79	0.28
		18	373.00	0.36
		19	373.28	0.45
		20	373.20	0.27
		21	373.21	0.19
		22	373.03	0.19
		23	373.11	0.44
		24	373.03	0.27
		25	373.21	0.2
		26	373.12	0.26
		27	373.21	0.28
		28	373.31	0.34
		29	373.08	0.26
		30	373.22	0.33
2003   December	1	373.16	0.32
		2	372.85	0.25
		3	373.01	0.48
		4	373.27	0.38
		5	373.01	0.2
		6	373.01	0.2
		7	372.94	0.16
		8	373.04	0.23
		9	373.09	0.26
		10	373.20	0.25
		11	372.97	0.25
		12	373.18	0.35
		13	372.99	0.22
		14	373.07	0.51
		15	373.03	0.37
		16	372.99	0.32
		17	373.07	0.2
		18	372.86	0.24
		19	372.84	0.42
		20	372.57	0.79
		21		
		22	373.17	0.57
		23	372.83	0.33
		24	372.90	0.25
		25	372.87	0.44
		26	373.13	0.51
		27	372.82	0.33
		28	372.67	0.24
		29	372.85	0.33
		30	372.92	0.47
		31	372.63	0.36
2004	January	1	372.63	0.53
		2	372.66	0.3
		3	372.45	0.14
		4	372.41	0.18
		5	372.76	0.66
		6	372.44	0.48
		7	372.80	0.58
		8	372.68	0.57
		9	373.05	0.31
		10	373.02	0.36
		11	373.07	0.55
		12	373.23	0.33
		13	373.23	0.41
		14	373.48	0.43
		15	372.89	0.25
		16		
		17		
		18	373.64	0.21
		19	373.14	0.38
		20	373.39	0.51
		21	373.03	0.22
		22	373.14	0.45
		23	373.01	0.65
		24	373.04	0.45
		25	373.15	0.32
		26	373.62	0.52
		27	373.93	1.06
		28	373.60	0.77
		29	374.36	2.56
		30	374.28	1.28
		31	373.42	0.53
2004   February	1	373.32	0.8
		2	373.66	0.55
		3	373.67	0.52
		4	373.66	2.05
		5	374.41	0.83
		6	373.84	0.54
		7	374.53	0.92
		8	374.87	0.77
		9	374.52	0.46
		10	374.63	0.64
		11	375.40	1.32
		12	374.88	1.06
		13	373.96	0.59
		14	374.12	0.58
		15	374.31	0.85
		16	375.14	0
		17		
		18		
		19		
		20		
		21		
		22		
		23		
		24	375.53	0
		25	374.19	0.71
		26	373.84	0.36
		27	374.48	1.01
		28	374.36	0.75
		29	373.45	0.25
2004	March	1	373.93	0.65
		2	373.55	0.4
		3	373.60	0.37
		4	373.66	0.39
		5	373.88	0.52
		6	373.75	0.37
		7	373.57	0.25
		8	373.85	0.77
		9	373.46	0.13
		10	373.59	0.86
		11	374.15	1.14
		12	374.42	0.98
		13	374.03	0.33
		14	373.75	0.45
		15		1.01
		16	373.69	0.6
		17	373.71	0.55
		18	374.67	1.02
		19	374.42	1.36
		20	373.96	0.68
		21	373.45	0.53
		22	373.83	0.83
		23	373.25	0.98
		24		0.87
		25		0.84
		26	373.18	1.81
		27	374.30	0.18
		28	374.19	0.07
		29	374.67	0.51
		30	374.04	0.34
		31	373.99	0.41
2004	April	1	374.43	0.15
		2	375.25	0.99
		3	374.64	0.29
		4	373.96	0.33
		5	374.24	0.7
		6	374.04	1.18
		7	373.85	0.03
		8	374.36	0.67
		9	374.64	0.96
		10	374.20	0.66
		11	373.89	0.07
		12	373.87	0.12
		13	374.59	0.46
		14		
		15	373.56	0.12
		16	373.88	0.61
		17		
		18	373.48	0.06
		19	373.99	0.78
		20		
		21		
		22	374.03	0.84
		23	373.72	0.69
		24	374.46	0.46
		25	374.42	0.2
		26	374.44	0.72
		27	374.37	0.65
		28	374.17	0.23
		29		
		30	375.08	0.35
2004	May	1	374.86	0.42
		2	374.89	0.14
		3	375.09	0.57
		4	376.12	0.59
		5	375.45	0.32
		6	375.45	0.65
		7	375.20	0.73
		8		
		9		
		10		
		11		
		12		
		13		
		14		
		15		
		16		
		17	374.65	0.36
		18	374.91	1.25
		19	375.21	0.76
		20	375.80	0.87
		21	375.61	0.76
		22	374.90	0.53
		23	374.72	0.31
		24	374.83	0.79
		25	374.83	0.53
		26	374.23	0.12
		27	374.38	0.33
		28	374.49	0.84
		29	374.25	0.43
		30	374.03	0.04
		31	375.49	1.12
2004	June	1	375.34	0.63
		2	375.65	0.48
		3	375.14	0.6
		4	375.12	0.85
		5	374.65	0.44
		6	374.37	0.07
		7	374.53	0.43
		8	374.75	0.74
		9	374.54	0.68
		10	374.72	0.93
		11	374.80	0.65
		12	375.18	0.92
		13	374.30	0.76
		14	375.22	0.88
		15	374.57	0.17
		16	374.85	0.62
		17	375.41	1.04
		18	375.40	0.61
		19	376.05	0.76
		20	375.31	0.75
		21	375.34	0.93
		22	374.77	0.46
		23	375.30	0.51
		24	375.17	0.47
		25	374.98	0.73
		26	375.14	0.87
		27	374.66	0.07
		28	374.73	0.33
		29	374.71	0.14
		30	374.68	0.25
2004	July	1	375.25	0.48
		2	375.42	0.84
		3	375.37	0.94
		4	375.16	0.2
		5	375.77	0.75
		6	375.56	0.82
		7	375.33	0.72
		8	374.90	0.4
		9	374.26	0.79
		10	374.16	0.28
		11	374.18	0.13
		12	374.91	0.12
		13	374.46	0.86
		14		
		15	374.94	0.83
		16	375.16	0.64
		17	374.56	0.29
		18	375.20	0.4
		19	375.19	0.45
		20	375.63	0.51
		21	375.41	0.56
		22	375.49	0.39
		23	375.16	0.75
		24	375.23	0.71
		25	374.81	0.69
		26	374.69	0.32
		27	374.83	0.62
		28	375.02	0.45
		29	375.86	0.86
		30	376.10	0.74
		31	376.03	0.85
2004	August	1	375.55	0.29
		2	375.47	0.29
		3	375.58	0.55
		4	375.61	0.37
		5	375.66	0.62
		6	375.81	0.53
		7	375.84	0.61
		8	375.80	0.98
		9	376.14	0.75
		10	375.56	0.33
		11	375.57	0.27
		12	375.69	0.52
		13	375.85	0.49
		14	375.71	0.4
		15	375.54	0.21
		16	375.45	0.27
		17	376.09	0.85
		18	376.22	0.78
		19	375.78	0.64
		20		
		21		
		22		
		23	375.76	0.88
		24	375.32	0.65
		25	375.21	0.36
		26	375.24	0.23
		27	375.25	0.39
		28	375.11	0.61
		29	375.03	0.21
		30	375.42	0.69
		31	375.35	0.63
2004  September	1	375.04	0.09
		2	375.14	0.1
		3	375.19	0.27
		4	375.13	0.11
		5	375.18	0.2
		6	375.52	0.52
		7	375.50	0.21
		8	375.57	0.31
		9	375.77	0.51
		10	375.63	0.42
		11	375.19	0.17
		12	375.14	0.48
		13	375.56	0.59
		14	375.74	0.47
		15	375.68	0.36
		16	375.75	0.41
		17	376.10	0.63
		18	376.04	0.69
		19	375.67	0.12
		20	375.69	0.31
		21	376.07	0.98
		22	375.66	0.26
		23	375.75	0.17
		24	375.94	0.34
		25	375.90	0.51
		26	376.16	0.84
		27	375.91	0.32
		28	376.02	0.52
		29	376.20	0.72
		30	375.71	0.56
2004	October	1	375.48	0.42
		2	375.56	0.41
		3	375.78	0.38
		4	375.92	0.57
		5	375.84	0.5
		6	375.61	0.42
		7	374.80	0.63
		8	373.64	0.14
		9	375.23	0.87
		10	375.10	0.98
		11	374.52	0.6
		12	373.53	0.54
		13	374.05	0.94
		14		
		15	375.27	0.46
		16	376.09	0.84
		17	375.83	0.23
		18		
		19	376.86	0.74
		20	375.83	0.21
		21	376.44	0.78
		22	375.93	0.34
		23	375.89	0.3
		24	375.83	0.3
		25	375.64	0.1
		26	375.90	0.54
		27	376.22	0.87
		28	376.44	0.84
		29	376.11	0.91
		30	376.02	0.43
		31	375.79	0.16
2004   November	1	376.47	0.88
		2	377.41	0.91
		3		
		4	377.57	0.21
		5	376.18	0.92
		6	375.36	0.09
		7	376.37	0.85
		8	375.78	0.13
		9		
		10	375.57	0.2
		11	375.51	0.14
		12	375.25	0.99
		13	375.19	0.62
		14	375.72	0.12
		15	375.87	0.73
		16	375.54	0.6
		17	375.22	0.88
		18	375.00	0.27
		19	375.60	0.46
		20	375.19	0.4
		21	375.34	0.15
		22	375.32	0.47
		23	375.12	0.18
		24	375.76	0.61
		25	375.84	0.65
		26	376.04	0.41
		27	375.73	0.63
		28	375.68	0.26
		29	375.52	0.16
		30	375.25	0.09
2004   December	1	375.28	0.49
		2	375.40	0.51
		3	375.93	0.67
		4	375.17	0.16
		5	375.24	0.17
		6	375.47	0.62
		7	376.15	0.28
		8	375.22	0.09
		9	375.29	0.8
		10	375.27	0.36
		11	375.23	0.53
		12	375.11	0.09
		13	375.44	0.13
		14	375.48	0.56
		15	375.20	0.22
		16	375.40	0.75
		17	375.46	0.58
		18	375.20	0.19
		19	375.45	0.53
		20	375.34	0.72
		21	375.43	0.68
		22	375.38	0.91
		23	374.51	0.21
		24	375.03	0.77
		25	375.04	0.27
		26	374.86	0.26
		27	374.98	0.28
		28	375.34	0.62
		29	375.15	0.21
		30	375.38	0.76
		31	374.77	0.56
2005	January	1	374.86	0.27
		2	374.85	0.24
		3	375.35	0.84
		4	374.76	0.3
		5	374.67	0.73
		6	375.38	0.82
		7	375.32	0.35
		8	375.23	0.46
		9	375.03	0.18
		10	375.70	0.68
		11	375.04	0.23
		12	374.79	0.1
		13	375.12	0.49
		14	374.53	0.11
		15	374.85	0.38
		16	374.71	0.14
		17	374.93	0.7
		18		
		19	375.30	0.57
		20	374.80	0.26
		21	374.47	0.25
		22	374.84	0.18
		23	374.61	0.34
		24	374.66	0.15
		25	375.53	0
		26	375.14	0.34
		27	375.91	0.52
		28	375.51	0.81
		29	375.34	0.25
		30	375.04	0
		31	375.25	0.26
2005   February	1	375.27	0.32
		2	375.54	0.64
		3	375.89	0.58
		4	375.25	0.15
		5	375.58	0.17
		6	376.08	0.45
		7	375.57	0.85
		8	375.59	0.26
		9	375.36	0.14
		10	375.69	0.42
		11	375.41	0.19
		12	375.92	0.34
		13	375.72	0.47
		14	375.36	0.19
		15	375.24	0.22
		16	374.83	0.27
		17	374.92	0.17
		18	375.25	0.86
		19	375.68	0.34
		20	374.99	0.2
		21	375.14	0.13
		22	374.96	0.71
		23	375.36	0.27
		24	374.78	0.07
		25		    
		26		    
		27	376.63	0
		28	374.81	0.15
2005	March	1	374.77	0.12
		2	375.36	0.46
		3	375.86	0.67
		4	374.89	0.09
		5	374.83	0.19
		6	375.25	0
		7	374.43	0.19
		8	374.62	0.3
		9	374.94	0.78
		10	374.97	0.2
		11	374.95	0.25
		12	375.12	0.19
		13	374.89	0.13
		14	375.20	0.52
		15	375.45	0.5
		16	374.70	0
		17		    
		18	373.77	0.04
		19	374.40	0.95
		20	374.01	0
		21	374.42	0.75
		22	374.86	0.87
		23	374.15	0.5
		24	374.44	0.74
		25	373.94	0.23
		26	374.41	0.62
		27	374.37	0.38
		28	374.34	0.35
		29	374.22	0.56
		30	374.74	0.68
		31	375.06	0.2
2005	April	1		
		2		
		3		
		4		
		5		
		6		
		7		
		8		
		9		
		10		
		11		
		12		
		13		
		14		
		15		
		16		
		17		
		18		
		19		
		20		
		21		
		22		
		23		
		24		
		25		
		26		
		27		
		28		
		29		
		30		
2005	May	1		
		2		
		3		
		4		
		5		
		6		
		7		
		8		
		9		
		10		
		11		
		12		
		13		
		14		
		15		
		16		
		17		
		18		
		19		
		20		
		21		
		22		
		23		
		24		
		25		
		26		
		27		
		28		
		29		
		30		
		31		
2005	June	1		
		2		
		3		
		4		
		5		
		6		
		7		
		8		
		9		
		10		
		11		
		12		
		13		
		14		
		15		
		16		
		17		
		18		
		19		
		20		
		21		
		22		
		23		
		24		
		25		
		26		
		27		
		28		
		29		
		30		
2005	July	1		
		2		
		3		
		4		
		5		
		6		
		7		
		8		
		9		
		10		
		11		
		12		
		13		
		14		
		15		
		16		
		17		
		18		
		19		
		20		
		21		
		22		
		23		
		24		
		25		
		26		
		27		
		28		
		29		
		30		
		31		
2005	August	1		
		2		
		3		
		4		
		5		
		6		
		7		
		8		
		9		
		10		
		11		
		12		
		13		
		14		
		15		
		16		
		17		
		18		
		19		
		20		
		21		
		22		
		23		
		24		
		25		
		26		
		27		
		28		
		29		
		30		
		31		
2005  September	1	377.98	0
		2	378.34	0.52
		3	378.24	0.44
		4	378.43	0.42
		5	378.33	0.35
		6	378.79	0.71
		7	378.01	0.44
		8	377.66	0.17
		9	377.75	0.34
		10	377.67	0.38
		11	377.80	0.19
		12	377.53	0.52
		13	377.02	0.2
		14	377.42	0.41
		15	377.14	0.37
		16	377.04	0.35
		17	377.62	0.37
		18	377.55	0.21
		19	377.43	0.16
		20	377.52	0.22
		21	377.62	0.27
		22	377.51	0.23
		23	377.59	0.13
		24	377.12	0.11
		25	377.44	0.51
		26	377.90	0.36
		27	377.97	0.29
		28	377.94	0.16
		29	378.01	0.19
		30	377.76	0.15
2005	October	1	377.61	0.24
		2	377.60	0.2
		3	377.88	0.32
		4	378.21	0.1
		5	378.38	0.09
		6	378.50	0.18
		7	378.41	0.07
		8	378.80	0.53
		9	378.78	0.33
		10	378.74	0.25
		11	378.75	0.39
		12	378.18	0.14
		13	378.35	0.1
		14	378.52	0.09
		15	378.24	0.17
		16	378.33	0.11
		17	378.18	0.09
		18	378.28	0.14
		19	378.37	0.28
		20	378.33	0.3
		21	378.46	0.39
		22	378.18	0.3
		23	378.15	0.15
		24	378.17	0.12
		25	378.00	0.32
		26	378.50	0.5
		27	378.08	0.15
		28	378.26	0.12
		29	377.99	0.24
		30	377.85	0.12
		31	377.75	0.27
2005   November	1	378.36	0.17
		2	378.31	0.23
		3	378.76	0.21
		4	378.64	0.17
		5	378.26	0.34
		6	378.07	0.31
		7	378.32	0.16
		8	378.39	0.21
		9	377.76	0.31
		10	378.61	0.35
		11	378.46	0.23
		12	378.68	0.3
		13	378.82	0.16
		14	378.66	0.29
		15	378.55	0.15
		16	378.40	0.19
		17	378.28	0.3
		18	377.78	0.27
		19	378.07	0.17
		20	377.94	0.11
		21	377.88	0.21
		22	377.56	0.14
		23	377.79	0.21
		24	377.58	0
		25		
		26	377.42	0
		27	377.54	0.19
		28	377.37	0.12
		29	377.37	0.21
		30	377.48	0.08
2005   December	1		
		2	379.33	0.87
		3	377.96	0.41
		4	378.07	0.1
		5	377.92	0.16
		6	378.34	0.34
		7	377.90	0.24
		8	377.70	0.37
		9	378.22	0.48
		10	378.40	0.35
		11	377.89	0.21
		12	377.80	0.26
		13	377.46	0.22
		14	377.47	0.42
		15	377.45	0.57
		16	377.67	0.18
		17	377.75	0.12
		18	377.75	0.5
		19	377.59	0.12
		20	377.96	0.23
		21	377.24	0.15
		22	377.35	0.22
		23	377.44	0.11
		24	377.14	0.27
		25	377.87	0.26
		26	377.71	0.23
		27	377.75	0.2
		28	377.49	0.35
		29	377.46	0.19
		30	378.25	0.45
		31	377.70	0.5
2006	January	1	377.97	0.36
		2	377.27	0.31
		3	377.10	0.66
		4	377.62	0.33
		5	377.39	0.3
		6	377.77	0.39
		7	377.16	0.27
		8	377.24	0.16
		9	377.61	0.72
		10	377.08	0.36
		11	376.82	0.27
		12	376.87	0.42
		13	377.16	0.31
		14	377.05	0.53
		15	376.05	0.11
		16	377.53	0.49
		17	377.03	0.34
		18	377.26	0.19
		19	377.06	0.26
		20	376.86	0.17
		21	377.08	0.21
		22	376.79	0.38
		23	377.01	0.2
		24	377.14	0.23
		25	377.33	0.23
		26	377.41	0.13
		27	377.22	0.23
		28	376.96	0.19
		29	377.03	0.25
		30	377.05	0.09
		31	377.33	0.14
2006   February	1	377.30	0.13
		2	377.44	0.2
		3	377.20	0.09
		4	377.08	0.26
		5	377.45	0.29
		6	377.27	0.18
		7	377.06	0.16
		8	376.85	0.16
		9	377.08	0.29
		10	376.96	0.34
		11	377.31	0.47
		12	377.20	0.22
		13	376.94	0.24
		14	376.92	0.17
		15	377.20	0.14
		16	377.35	0.09
		17	377.20	0.22
		18	377.18	0.32
		19	377.08	0.5
		20	377.05	0.16
		21	376.94	0.19
		22	376.70	0.17
		23	376.83	0.39
		24	377.15	0.5
		25	376.61	0.24
		26	377.14	0.3
		27	376.92	0.22
		28	377.28	0.13
2006	March	1	377.16	0.08
		2	377.62	0.16
		3	377.59	0.1
		4	377.71	0.38
		5	377.61	0.16
		6	378.00	0.61
		7	377.91	0.17
		8	377.70	0.2
		9	377.83	0.65
		10	378.01	0.28
		11	378.17	0.2
		12	377.71	0.26
		13	378.11	0.29
		14	377.75	0.16
		15	377.81	0.1
		16	377.88	0.23
		17	377.20	0.46
		18	377.57	0.12
		19	377.84	0.13
		20	377.64	0.07
		21	377.74	0.23
		22	377.65	0.08
		23	377.59	0.15
		24	377.70	0.3
		25	377.79	0.2
		26	377.37	0.14
		27	377.64	0.19
		28	377.64	0.37
		29	377.75	0.35
		30	377.65	0.15
		31	377.82	0.12
2006	April	1	377.85	0.36
		2	378.01	0.21
		3	378.02	0.36
		4	377.85	0.33
		5	377.56	0.17
		6	377.89	0.15
		7	377.94	0.13
		8	378.00	0.21
		9	377.90	0.18
		10	377.83	0.19
		11	377.84	0.29
		12	377.49	0.21
		13	377.56	0.27
		14	377.86	0.42
		15	377.70	0.12
		16	377.73	0.57
		17	378.21	0.26
		18	377.68	0.2
		19	377.53	0.42
		20	377.96	0.21
		21	378.08	0.39
		22	377.90	0.55
		23	377.78	0.43
		24	377.06	0.57
		25	377.99	0.24
		26	377.77	0.27
		27	377.63	0.21
		28	377.54	0.31
		29	377.72	0.28
		30	377.53	0.46
2006	May	1	377.03	0.54
		2	376.73	0.4
		3	378.63	0.17
		4	378.41	0
		5	378.05	0.14
		6	378.17	0.25
		7	378.12	0.28
		8	378.42	0.5
		9	377.86	0.13
		10	378.29	0.33
		11	378.34	0.4
		12	378.42	0.49
		13	378.40	0.31
		14	378.35	0.16
		15	378.49	0.21
		16	378.51	0.16
		17	378.45	0.18
		18	378.52	0.4
		19	378.62	0.11
		20	378.68	0.25
		21	378.50	0.22
		22	379.02	0.66
		23	378.74	0.21
		24	378.72	0.31
		25	379.07	0.61
		26	378.35	0.13
		27	378.27	0.22
		28	378.39	0.32
		29	378.47	0.38
		30	378.35	0.16
		31	378.53	0.23
2006	June	1	378.11	0.18
		2	378.88	0.62
		3	378.36	0.1
		4	379.05	0.26
		5	378.55	0.13
		6	378.52	0.19
		7	378.40	0.18
		8	378.59	0.11
		9	378.52	0.14
		10	378.60	0.17
		11	378.56	0.15
		12	378.58	0.17
		13	378.51	0.3
		14	378.82	0.3
		15	378.61	0.23
		16	378.94	0.46
		17	378.66	0.23
		18	378.81	0.13
		19	378.73	0.1
		20	378.98	0.34
		21	378.58	0.12
		22	379.38	0.88
		23	378.77	0.16
		24	378.66	0.15
		25	378.79	0.24
		26	378.69	0.1
		27	378.66	0.23
		28	378.81	0.27
		29	378.69	0.13
		30	378.75	0.14
2006	July	1	379.29	0.63
		2	378.82	0.09
		3	378.77	0.1
		4	379.12	0.25
		5	378.92	0.28
		6	379.25	0.51
		7	378.97	0.13
		8	378.86	0.09
		9	378.86	0.22
		10	378.87	0.14
		11	378.92	0.08
		12	379.04	0.33
		13	378.60	0.3
		14	378.94	0.39
		15	378.61	0.15
		16	379.02	0.4
		17	379.03	0.31
		18	378.66	0.14
		19	378.76	0.14
		20	378.59	0.18
		21	378.86	0.43
		22	378.44	0.34
		23	378.78	0.11
		24	378.92	0.17
		25	378.98	0.12
		26	379.20	0.32
		27	379.00	0.11
		28	379.06	0.18
		29	379.30	0.11
		30	378.93	0.11
		31	379.02	0.28
2006	August	1	379.03	0.34
		2	379.21	0.22
		3	379.28	0.27
		4	379.28	0.23
		5	379.12	0.23
		6	379.24	0.17
		7	379.20	0.08
		8	379.40	0.39
		9	379.56	0.4
		10	379.17	0.19
		11	379.07	0.07
		12	379.68	0.54
		13	379.41	0.21
		14	379.41	0.26
		15	379.37	0.28
		16	379.57	0.37
		17	379.42	0.27
		18	379.43	0.07
		19	379.47	0.15
		20	379.48	0.07
		21	379.60	0.27
		22	379.46	0.15
		23	379.53	0.14
		24	379.27	0.2
		25	379.57	0.42
		26	379.22	0.2
		27	378.85	0.14
		28	379.01	0.2
		29	379.08	0.25
		30	379.04	0.24
		31	379.36	0.34
2006  September	1	379.70	0.07
		2	379.68	0.1
		3	379.79	0.29
		4	380.05	0.13
		5	379.57	0.13
		6	379.38	0.13
		7	379.68	0.17
		8	380.14	0.4
		9	380.07	0.48
		10	379.72	0.22
		11	379.73	0.12
		12	379.90	0.32
		13	379.73	0.33
		14	379.46	0.35
		15	379.19	0.11
		16	379.19	0.14
		17	379.15	0.09
		18	379.15	0.16
		19	378.88	0.15
		20	379.70	0.01
		21	379.54	0.12
		22	379.57	0.15
		23	379.56	0.12
		24	379.69	0.08
		25	379.93	0.49
		26	379.69	0.15
		27	379.68	0.16
		28	379.52	0.21
		29	379.91	0.15
		30	379.68	0.08
2006	October	1	380.04	0.35
		2	379.64	0.17
		3	379.88	0.11
		4	379.91	0.13
		5	379.90	0.06
		6	379.96	0.14
		7	379.97	0.08
		8	380.04	0.06
		9	380.00	0.1
		10	380.24	0.35
		11	380.06	0.22
		12	379.85	0.09
		13	379.69	0.17
		14	380.09	0.11
		15	380.11	0.14
		16	379.92	0.29
		17	380.00	0.13
		18	379.61	0.1
		19	379.79	0.28
		20	379.90	0.27
		21	380.08	0.12
		22	380.27	0.15
		23	380.37	0.22
		24	381.17	0.34
		25	380.37	0.17
		26	380.56	0.38
		27	380.28	0.25
		28	380.12	0.19
		29	380.35	0.29
		30	380.18	0.13
		31	380.09	0.13
2006   November	1	380.38	0.41
		2	380.42	0.47
		3	380.34	0.48
		4	379.87	0.26
		5	380.00	0.11
		6	379.72	0.29
		7	380.18	0.17
		8	380.33	0.23
		9	380.56	0.43
		10	380.59	0.82
		11	379.95	0.45
		12	378.92	0.41
		13	379.89	0.58
		14	379.87	0.1
		15	380.09	0.16
		16	380.14	0.13
		17	380.39	0.43
		18	380.61	0.61
		19	380.17	0.15
		20	380.09	0.19
		21	380.30	0.95
		22	380.25	0.26
		23	380.08	0.21
		24	380.02	0.23
		25	380.19	0.44
		26	380.15	0.25
		27	380.18	0.17
		28	380.10	0.29
		29	380.22	0.29
		30	380.21	0.21
2006   December	1	380.09	0.25
		2	379.98	0.11
		3	380.00	0.14
		4	380.01	0.13
		5	379.96	0.13
		6	380.16	0.35
		7	380.09	0.19
		8	380.05	0.09
		9	380.15	0.19
		10	380.08	0.22
		11	379.96	0.2
		12	379.95	0.3
		13	379.79	0.19
		14	379.79	0.22
		15	380.98	0.32
		16	379.82	0.14
		17	379.76	0.27
		18	379.48	0.29
		19	380.18	0.24
		20	379.66	0.19
		21	379.91	0.13
		22	380.09	0.18
		23	379.90	0.2
		24	379.90	0.12
		25	379.83	0.19
		26	379.55	0.3
		27	379.90	0.22
		28	380.11	0.15
		29	379.97	0.17
		30	379.85	0.28
		31	379.95	0.48
2007	January	1	379.84	0.19
		2	380.09	0.14
		3	379.92	0.2
		4	379.82	0.25
		5	379.78	0.12
		6	379.83	0.26
		7	379.88	0.2
		8	379.92	0.19
		9	380.61	0.15
		10	379.67	0.27
		11	379.86	0.21
		12	380.06	0.22
		13	379.64	0.32
		14	379.77	0.17
		15	379.98	0.33
		16	379.61	0.26
		17	379.28	0.27
		18	379.43	0.23
		19	379.34	0.37
		20	379.57	0.28
		21	379.33	0.2
		22	379.44	0.36
		23	380.04	0.33
		24	379.99	0.35
		25	379.67	0.3
		26	380.25	0.32
		27	380.24	0.26
		28	379.19	0.2
		29	379.24	0.2
		30	379.12	0.12
		31	379.01	0.1
2007   February	1	378.70	0.14
		2	378.74	0.15
		3	378.93	0.23
		4	378.73	0.24
		5	378.79	0.22
		6	379.59	0.6
		7	379.69	0.21
		8	379.69	0.29
		9	379.78	0.41
		10	380.18	0.48
		11	380.24	0.2
		12	380.30	0.47
		13	380.18	0.37
		14	379.73	0.17
		15	380.01	0.42
		16	379.32	0.41
		17	378.87	0.14
		18	379.16	0.13
		19	379.07	0.36
		20	379.09	0.24
		21	379.25	0.26
		22	379.02	0.38
		23	379.06	0.13
		24	379.13	0.18
		25	379.29	0.34
		26	379.20	0.45
		27	379.55	0.24
		28	379.57	0.19
2007	March	1	379.68	0.19
		2	380.02	0.26
		3	379.84	0.32
		4	379.97	0.31
		5	380.48	0.73
		6	379.58	0.12
		7	379.44	0.34
		8	380.17	0.36
		9	379.89	0.25
		10	379.94	0.33
		11	379.76	0.49
		12	379.88	0.47
		13	379.82	0.26
		14	379.62	0.24
		15	380.17	0.79
		16	380.04	0.38
		17	380.13	0.14
		18	379.98	0.14
		19	379.88	0.13
		20	380.18	0.39
		21	380.31	0.76
		22	379.84	0.21
		23	379.86	0.18
		24	381.10	0.41
		25	380.00	0.13
		26	379.92	0.18
		27	379.90	0.26
		28	379.97	0.08
		29	380.00	0.17
		30	379.83	0.25
		31	379.86	0.11
2007	April	1	380.02	0.43
		2	379.94	0.18
		3	380.03	0.22
		4	379.83	0.19
		5	380.13	0.19
		6	380.24	0.25
		7	379.92	0.18
		8	380.37	0.21
		9	380.29	0.28
		10	380.27	0.07
		11	380.36	0.15
		12	380.28	0.18
		13	380.31	0.07
		14	380.26	0.15
		15	380.42	0.24
		16	380.36	0.44
		17	380.16	0.14
		18	379.89	0.18
		19	379.93	0.07
		20	379.87	0.18
		21	379.91	0.25
		22	379.78	0.26
		23	379.94	0.18
		24	379.84	0.29
		25	379.88	0.38
		26	379.94	0.19
		27	379.89	0.66
		28	379.89	0.23
		29	379.81	0.66
		30	380.12	0.52
2007	May	1	380.08	0.26
		2	380.14	0.42
		3	379.91	0.41
		4	379.97	0.58
		5	379.70	0.74
		6	380.16	0.36
		7	379.80	0.16
		8	379.81	0.17
		9	379.62	0.29
		10	379.54	0.21
		11	379.74	0.35
		12	379.90	0.37
		13	379.51	0.08
		14	379.82	0.25
		15	379.78	0.09
		16	379.70	0.1
		17	379.75	0.17
		18	380.11	0.53
		19	380.80	0.45
		20	380.68	0.15
		21	380.51	0.09
		22	380.41	0.37
		23	380.55	0.32
		24	380.44	0.12
		25	380.46	0.32
		26	380.92	0.81
		27	380.63	0.14
		28	380.38	0.16
		29	380.67	0.29
		30	380.59	0.32
		31	380.65	0.48
2007	June	1	380.45	0.48
		2	380.70	0.33
		3	380.62	0.3
		4	380.55	0.2
		5	380.61	0.26
		6	380.51	0.16
		7	380.57	0.4
		8	381.13	0.36
		9	381.07	0.18
		10	380.93	0.34
		11	381.07	0.17
		12	381.03	0.22
		13	381.13	0.29
		14	381.01	0.31
		15	381.01	0.23
		16	381.05	0.09
		17	381.13	0.11
		18	380.98	0.3
		19	380.50	0.13
		20	380.53	0.15
		21	379.54	0.68
		22		
		23		
		24	380.80	0.05
		25	380.77	0.25
		26	380.82	0.45
		27	380.97	0.16
		28	381.35	0.59
		29	381.00	0.25
		30	380.93	0.34
2007	July	1	381.05	0.42
		2	380.84	0.07
		3	381.29	0.5
		4	381.10	0.16
		5	380.93	0.07
		6	380.84	0.13
		7	380.85	0.25
		8	381.16	0
		9		
		10		
		11		
		12		
		13		
		14	382.75	0.12
		15	381.33	0
		16		
		17	380.90	0.28
		18	381.01	0.35
		19	380.90	0.14
		20	380.92	0.32
		21	381.39	0.34
		22	381.09	0.19
		23	380.86	0.82
		24	381.49	0.41
		25	381.99	0.16
		26	381.81	0.16
		27	381.61	0.22
		28	381.39	0.33
		29	381.46	0.16
		30	381.16	0.13
		31	381.25	0.13
2007	August	1	381.12	0.18
		2	381.46	0.24
		3	381.45	0.81
		4	381.17	0.24
		5	381.85	0.08
		6	381.81	0.49
		7	381.55	0.38
		8	381.89	0.13
		9	382.07	0.42
		10	381.95	0.38
		11	381.69	0.35
		12	381.69	0.1
		13	381.57	0.09
		14	381.60	0.23
		15	381.94	0.33
		16	381.76	0.38
		17	382.02	0.15
		18	382.13	0.18
		19	382.42	0.22
		20	381.96	0.3
		21	382.49	0.24
		22	382.30	0.11
		23	382.34	0.34
		24	382.31	0.06
		25	382.81	0.16
		26	382.53	0.3
		27	382.59	0.07
		28	381.88	0.1
		29	382.15	0.18
		30	382.11	0.2
		31	382.18	0.14
2007  September	1	382.11	0.17
		2	381.90	0.17
		3	381.67	0.11
		4	382.05	0.24
		5	382.18	0.15
		6	381.89	0.15
		7	381.94	0.24
		8	382.83	0.49
		9	382.88	0.51
		10	382.23	0.17
		11	382.30	0.19
		12	382.55	0.37
		13	382.38	0.2
		14	382.19	0.12
		15	381.98	0.27
		16	382.21	0.16
		17	382.39	0.29
		18	382.33	0.23
		19	383.38	0.54
		20	383.16	0.51
		21	382.60	0.25
		22	383.00	0.35
		23	382.66	0.24
		24	382.46	0.34
		25	382.94	0.16
		26	382.85	0.19
		27	383.06	0.17
		28	382.83	0.17
		29	382.23	0.23
		30	382.35	0.08
2007	October	1	382.42	0.17
		2	382.68	0.53
		3	382.16	0.69
		4	382.56	0.09
		5	382.78	0.23
		6	382.79	0.43
		7	382.49	0.14
		8	382.24	0.28
		9	382.49	0.27
		10	382.29	0.19
		11	382.27	0.34
		12	382.33	0.47
		13	382.32	0.36
		14	382.84	0.25
		15	382.59	0.2
		16	382.00	0.22
		17	382.41	0.21
		18	382.54	0.23
		19	382.11	0.19
		20	382.46	0.12
		21	382.33	0.31
		22	382.61	0.44
		23	382.14	0.46
		24	382.21	0.16
		25	382.38	0.16
		26	382.11	0.22
		27	381.89	0.14
		28	382.09	0.09
		29	382.71	0.57
		30	382.48	0.25
		31	382.51	0.28
2007   November	1	382.39	0.21
		2	382.51	0.17
		3	382.38	0.36
		4	382.40	0.12
		5	382.51	0.25
		6	382.45	0.26
		7	382.63	0.33
		8	382.42	0.36
		9	382.52	0.17
		10	382.96	0.18
		11	383.01	0.27
		12	382.45	0.24
		13	382.76	0.45
		14	383.10	0.29
		15	382.77	0.39
		16	382.94	0.33
		17	382.60	0.33
		18	382.27	0.15
		19	382.65	0.43
		20	382.55	0.17
		21	382.31	0.37
		22	382.11	0.19
		23	382.21	0.32
		24	382.24	0.18
		25	382.39	0.26
		26	382.09	0.37
		27	382.34	0.31
		28	381.90	0.87
		29	382.01	0.85
		30	381.51	0.53
2007   December	1	381.65	0.58
		2	382.21	0.61
		3	381.58	0.57
		4	381.10	0.72
		5	381.59	0.77
		6	381.88	0.34
		7	381.97	0.38
		8	382.53	0.41
		9	381.71	0.32
		10	382.45	0.54
		11	382.02	0.3
		12	381.98	0.28
		13	381.98	0.32
		14	382.28	0.42
		15	382.12	0.3
		16	381.84	0.29
		17	381.76	0.62
		18	381.71	0.2
		19	381.60	0.22
		20	382.12	0.27
		21	381.61	0.36
		22	381.64	0.24
		23	381.84	0.25
		24	381.90	0.44
		25	381.92	0.31
		26	381.91	0.32
		27	381.65	0.24
		28	381.96	0.23
		29	382.17	0.56
		30	381.38	0.58
		31	382.21	0.54
2008	January	1	382.08	0.43
		2	382.00	0.53
		3	381.56	0.18
		4	381.55	0.38
		5	381.43	0.35
		6	382.73	0.49
		7	381.72	0.28
		8	382.28	0.35
		9	381.91	0.29
		10	381.83	0.24
		11	382.32	0.45
		12	381.92	0.23
		13	381.98	0.18
		14	382.34	0.63
		15	382.12	0.3
		16	382.05	0.26
		17	382.82	0.39
		18	382.43	0.36
		19	382.26	0.13
		20	382.80	0.41
		21	382.43	0.31
		22	382.77	0.58
		23	382.53	0.47
		24	382.08	0.43
		25	382.50	0.38
		26	382.32	0.41
		27	382.15	0.18
		28	382.75	0.32
		29	382.05	0.17
		30	381.79	0.53
		31	382.17	0.26
2008   February	1	382.31	0.14
		2	382.26	0.32
		3	381.98	0.27
		4	382.07	0.15
		5	382.13	0.14
		6	382.03	0.33
		7	381.87	0.31
		8	381.94	0.44
		9	381.54	0.31
		10	381.83	0.36
		11	383.25	0.23
		12	382.41	0.26
		13	382.06	0.39
		14	382.06	0.23
		15	382.61	0.11
		16	381.96	0.61
		17	382.52	0.31
		18	382.27	0.2
		19		
		20	383.34	0.51
		21	382.96	0.2
		22	382.74	0.48
		23	383.41	0.66
		24	383.14	0.13
		25	383.03	0.5
		26	383.01	0.21
		27	382.91	0.34
		28	383.11	0.21
2008	March	29	382.58	0.24
		1		
		2		
		3		
		4	381.57	0.94
		5	382.81	0.42
		6	382.29	0.24
		7	382.16	0.19
		8	382.13	0.2
		9	381.81	0.33
		10	382.00	0.28
		11	382.59	0
		12	382.75	0.33
		13	382.46	0.35
		14	382.33	0.52
		15	382.96	0.43
		16	382.84	0.38
		17	383.32	0.51
		18	383.14	0.15
		19		
		20	382.40	0.42
		21	382.35	0.52
		22	382.63	0.6
		23	382.70	0.23
		24	383.01	0.06
		25	382.26	0.2
		26	382.02	0.21
		27	381.93	0.37
		28	382.24	0.49
		29	381.64	0.97
		30	381.57	0.32
		31	380.23	0.21
2008	April	1	381.13	0.84
		2	381.10	0.41
		3	381.27	0.75
		4	382.84	0.14
		5	382.53	0.14
		6	383.12	0.56
		7	383.62	0.67
		8	382.57	0.35
		9	383.37	0.86
		10	381.32	0.58
		11	381.79	0.27
		12	380.90	0.28
		13	380.89	0.39
		14	381.18	0.51
		15	380.47	0.18
		16	380.53	0.39
		17	379.92	0.37
		18	380.78	0.67
		19	381.15	0.09
		20	381.10	0.08
		21	381.02	0.08
		22	381.03	0.21
		23	381.02	0.21
		24	380.89	0.14
		25	381.15	0.07
		26	381.20	0.3
		27	381.36	0.11
		28	381.46	0.16
		29	381.34	0.18
		30	381.47	0.12
2008	May	1	381.28	0.16
		2	381.37	0.12
		3	381.48	0.07
		4	381.46	0.14
		5	381.74	0.11
		6	381.79	0.21
		7	381.65	0.11
		8	381.93	0.25
		9	381.67	0.2
		10	381.68	0.22
		11	381.89	0.21
		12	381.63	0.45
		13	380.53	0.19
		14	380.67	0.1
		15	380.75	0.2
		16	380.87	0.31
		17	380.62	0.16
		18	380.66	0.32
		19	380.48	0.26
		20	381.00	0.37
		21	381.25	0.17
		22	381.50	0.16
		23	381.42	0.12
		24	381.91	0.24
		25	381.50	0.1
		26	381.45	0.21
		27	381.80	0.49
		28	381.77	0.25
		29	381.72	0.27
		30	381.71	0.16
		31	381.83	0.37
2008	June	1	381.94	0.15
		2	381.85	0.46
		3	381.57	0.25
		4	381.73	0.15
		5	381.80	0.33
		6	381.76	0.43
		7	381.85	0.42
		8	381.61	0.25
		9	382.10	0.38
		10	381.77	0.28
		11	381.80	0.1
		12	381.71	0.16
		13	381.78	0.05
		14	381.98	0.23
		15	381.62	0.18
		16	381.75	0.15
		17	381.75	0.12
		18	381.75	0.1
		19	381.97	0.41
		20	381.63	0.27
		21	381.62	0.12
		22	382.16	0.34
		23	381.72	0.12
		24	382.91	0.41
		25	383.60	0.17
		26	382.25	0.55
		27	382.25	0.37
		28	382.09	0.23
		29	382.46	0.41
		30	382.26	0.39
2008	July	1	382.10	0.13
		2	382.19	0.23
		3	382.17	0.15
		4	382.32	0.1
		5	382.26	0.31
		6	382.39	0.33
		7	382.24	0.26
		8	382.27	0.18
		9	382.42	0.25
		10	382.32	0.06
		11		
		12	383.34	0.2
		13	383.28	0.14
		14	383.52	0.06
		15	383.73	0.14
		16	383.51	0.22
		17	383.45	0.15
		18	383.08	0.44
		19	382.18	0.19
		20	383.39	0.31
		21	383.02	0.35
		22	382.49	0.25
		23	382.38	0.14
		24	382.30	0.08
		25	382.32	0.07
		26		
		27		
		28		
		29		
		30		
		31		
2008	August	1	384.23	0.34
		2	384.66	0.21
		3		
		4	384.58	0.2
		5	384.45	0.12
		6	384.63	0.15
		7	384.13	0.42
		8	384.93	0.42
		9	384.60	0.29
		10	384.50	0.09
		11	384.48	0.07
		12	384.26	0.25
		13	384.45	0.4
		14	384.16	0.15
		15	384.60	0.26
		16	384.27	0.28
		17	383.87	0.27
		18	384.46	0.35
		19	384.19	0.16
		20	384.21	0.12
		21	384.47	0.22
		22	384.45	0.33
		23	384.46	0.26
		24	384.57	0.2
		25	384.57	0.42
		26	384.35	0.5
		27	384.24	0.18
		28	384.47	0.17
		29	384.52	0.35
		30	384.25	0.09
		31	384.09	0.18
2008  September	1	384.28	0.22
		2	384.33	0.25
		3	384.42	0.13
		4	384.39	0.07
		5	384.28	0.39
		6	384.58	0.14
		7	384.28	0.34
		8	384.06	0.16
		9	384.17	0.28
		10	384.15	0.19
		11	384.05	0.23
		12	384.46	0.2
		13	384.15	0.13
		14	383.96	0.3
		15	383.91	0.28
		16	384.13	0.22
		17	384.09	0.24
		18	384.18	0.25
		19	383.75	0.23
		20	383.96	0.41
		21	384.19	0.32
		22	383.96	0.24
		23	383.80	0.24
		24	383.43	0.19
		25	383.86	0.28
		26	384.11	0.14
		27	384.10	0.16
		28	384.39	0.35
		29	383.87	0.28
		30	384.01	0.16
2008	October	1	383.74	0.22
		2	383.84	0.65
		3	384.18	0.15
		4	383.76	0.32
		5	383.95	0.2
		6	383.87	0.17
		7	383.86	0.29
		8	383.31	0.24
		9	383.26	0.21
		10	383.37	0.2
		11	383.97	0.52
		12	384.10	0.14
		13	384.39	0.5
		14	384.22	0.31
		15	384.16	0.22
		16	384.30	0.95
		17	384.63	0.32
		18	383.84	0.19
		19	383.56	0.18
		20	383.99	0.24
		21	384.07	0.19
		22	383.87	0.18
		23	384.01	0.36
		24	384.12	0.47
		25	383.84	0.42
		26	383.81	0.31
		27	383.54	0.28
		28	383.95	0.21
		29	384.19	0.6
		30	383.85	0.3
		31	384.25	0.18
2008   November	1	384.00	0.3
		2	383.92	0.12
		3	384.04	0.19
		4	383.87	0.16
		5	384.15	0.38
		6	384.43	0.52
		7	383.83	0.28
		8	384.26	0.1
		9	384.16	0.12
		10	384.04	0.28
		11	383.99	0.16
		12	384.03	0.11
		13	383.99	0.11
		14	384.12	0.32
		15	384.14	0.28
		16	383.96	0.15
		17	384.03	0.31
		18	383.83	0.16
		19	383.59	0.18
		20	383.94	0.12
		21	383.86	0.13
		22	383.89	0.2
		23	383.82	0.2
		24	383.88	0.23
		25	383.77	0.19
		26	383.66	0.17
		27	383.62	0.34
		28	383.70	0.28
		29	383.51	0.16
		30	383.61	0.12
2008   December	1	383.69	0.18
		2	383.68	0.26
		3	383.73	0.25
		4	384.01	0.19
		5	383.70	0.37
		6	383.95	0.36
		7	383.65	0.08
		8	383.71	0.27
		9	383.87	0.22
		10	384.15	0.39
		11	383.91	0.3
		12	384.04	0.3
		13	383.87	0.4
		14	383.51	0.17
		15	383.38	0.1
		16	383.30	0.06
		17		
		18		
		19		
		20		
		21		
		22		
		23		
		24		
		25		
		26		
		27		
		28		
		29	384.42	0.54
		30	383.25	0.13
		31	383.00	0.24
2009	January	1	382.89	0.13
		2	382.85	0.17
		3	382.67	0.16
		4	383.02	0.16
		5	382.77	0.2
		6	382.64	0.11
		7	382.51	0.18
		8	382.49	0.15
		9	382.54	0.23
		10	382.69	0.17
		11	382.70	0.23
		12	382.40	0.11
		13	382.59	0.17
		14	382.82	0.18
		15	382.52	0.15
		16	382.49	0.2
		17	382.78	0.2
		18	382.73	0.19
		19	383.10	0.59
		20	383.57	0.1
		21	383.64	0.16
		22	383.75	0.17
		23	383.76	0.25
		24	383.64	0.15
		25	383.66	0.2
		26	383.45	0.17
		27	383.70	0.25
		28	383.78	0.11
		29	383.80	0.12
		30	383.79	0.22
		31		
2009  February	1	383.88	0.15
		2	383.63	0.25
		3	383.76	0.16
		4	383.74	0.16
		5	383.85	0.17
		6	383.86	0.19
		7	383.72	0.14
		8	383.88	0.12
		9	383.95	0.19
		10	383.97	0.08
		11	383.27	0.05
		12	383.34	0.11
		13		
		14		
		15		
		16	383.95	0.17
		17	383.80	0.3
		18	383.67	0.17
		19	383.77	0.21
		20	383.83	0.16
		21	383.61	0.17
		22	383.88	0.15
		23	383.70	0.04
		24	382.76	0.11
		25	383.01	0.28
		26	383.79	0.19
		27	383.40	0.06
		28	383.45	0.21
2009	March	1	383.65	0.12
		2	383.52	0.07
		3	383.49	0.14
		4	383.62	0.15
		5	383.60	0.15
		6	383.47	0.07
		7	383.62	0.12
		8	383.85	0.21
		9	383.87	0.25
		10	383.80	0.14
		11	383.86	0.17
		12	383.86	0.18
		13	383.83	0.18
		14	383.58	0.09
		15	383.64	0.15
		16	383.84	0.04
		17	383.85	0.28
		18	384.10	0.1
		19	384.02	0.07
		20	383.93	0.16
		21	384.05	0.23
		22	383.88	0.32
		23	384.07	0.16
		24	384.10	0.06
		25	384.08	0.13
		26	384.16	0.17
		27	383.85	0.09
		28	383.88	0.13
		29	384.00	0.07
		30	384.13	0.12
		31	384.04	0.15
2009	April	1	383.90	0.14
		2	384.11	0.09
		3	383.98	0.15
		4	384.08	0.09
		5	383.85	0.12
		6	383.86	0.1
		7	383.72	0.13
		8	383.70	0.07
		9	383.68	0.06
		10	383.72	0.06
		11	383.72	0.06
		12	383.80	0.13
		13	383.81	0.15
		14	383.73	0.13
		15	383.81	0.13
		16	383.78	0.14
		17	383.68	0.06
		18	383.88	0.13
		19	384.25	0
		20	383.88	0.12
		21	384.18	0.15
		22	384.17	0.09
		23	384.11	0.07
		24	384.24	0.07
		25	384.14	0.09
		26	384.22	0.04
		27	384.20	0.02
		28	384.22	0.04
		29	384.22	0.03
		30	384.21	0
2009	May	1	384.38	0.12
		2	384.27	0.13
		3	384.38	0.13
		4	384.50	0.14
		5	384.51	0.11
		6	384.29	0.1
		7	384.08	0.1
		8	383.94	0.14
		9	383.99	0.1
		10	384.04	0.07
		11	384.04	0.11
		12	384.12	0.15
		13	384.08	0.12
		14	384.09	0.14
		15	384.10	0.13
		16	384.15	0.11
		17	383.96	0.1
		18	384.13	0.12
		19	383.92	0.12
		20	383.97	0.11
		21	383.87	0.13
		22	384.12	0.15
		23	384.46	0.12
		24	384.38	0.15
		25	384.66	0.15
		26	384.61	0.13
		27	384.52	0.15
		28	384.47	0.14
		29	384.59	0.15
		30	383.87	0.14
		31	384.64	0.15
2009	June	1	384.60	0.15
		2	384.57	0.24
		3	384.65	0.16
		4	384.57	0.07
		5		
		6		
		7		
		8	384.52	0.15
		9	384.42	0.09
		10	384.58	0.07
		11	384.64	0.15
		12	384.58	0.07
		13	384.59	0.1
		14	384.80	0.08
		15	384.83	0.13
		16	384.86	0.13
		17	384.78	0.11
		18	384.68	0.14
		19	384.64	0.12
		20	384.53	0.13
		21	384.53	0.07
		22	384.51	0.12
		23	384.60	0.29
		24	384.61	0.08
		25	385.03	0.13
		26	384.94	0.11
		27	385.13	0.14
		28	384.78	0.13
		29	385.03	0.08
		30	384.94	0.08
2009	July	1	385.31	0.33
		2	385.27	0.13
		3	385.38	0.13
		4	385.54	0.17
		5	385.51	0.11
		6	385.29	0.1
		7	385.43	0.35
		8	385.58	0.29
		9	385.25	0.23
		10	385.60	0.31
		11	385.30	0.19
		12	385.34	0.28
		13	385.36	0.32
		14	385.41	0.33
		15	385.24	0.23
		16	385.23	0.21
		17	385.52	0.34
		18	385.22	0.2
		19	385.60	0.16
		20	386.12	0.39
		21	385.42	0.27
		22	385.35	0.22
		23	385.48	0.26
		24	385.62	0.23
		25	385.60	0.31
		26	385.35	0.21
		27	385.46	0.27
		28	385.48	0.3
		29	385.52	0.21
		30	385.31	0.17
		31	385.42	0.25
2009	August	1	385.04	0.23
		2	385.22	0.32
		3	385.26	0.31
		4	385.25	0.32
		5	384.85	0.31
		6	384.91	0.35
		7	384.79	0.36
		8	384.52	0.34
		9	385.29	0.3
		10	385.22	0.18
		11	385.18	0.26
		12	385.21	0.25
		13	385.65	0.35
		14	385.30	0.07
		15	385.65	0.35
		16	385.50	0.21
		17	385.10	0.12
		18	385.16	0.1
		19	385.14	0.14
		20	385.08	0.13
		21	385.22	0.22
		22	385.09	0.04
		23	384.98	0.09
		24	385.11	0.1
		25	385.28	0.13
		26	385.08	0.14
		27	385.09	0.13
		28	384.61	0.28
		29	384.65	0.28
		30	385.24	0.24
		31	385.20	0.14
2009  September	1	385.10	0.1
		2	385.66	0.16
		3	385.78	0.13
		4	385.88	0.15
		5	385.85	0.13
		6	385.83	0.16
		7	385.80	0.14
		8	385.99	0.36
		9	386.06	0.23
		10	385.81	0.22
		11	385.92	0.15
		12	385.43	0.29
		13	385.67	0.32
		14	385.84	0.16
		15	385.85	0.09
		16	385.46	0.25
		17	385.35	0.23
		18	385.26	0.22
		19	385.14	0.14
		20	385.06	0.12
		21	385.22	0.22
		22	385.09	0.04
		23	384.98	0.09
		24	385.11	0.1
		25	385.27	0.13
		26	385.08	0.14
		27	385.09	0.13
		28	384.63	0.27
		29	384.65	0.28
		30	385.24	0.24
2009	October	1	386.08	0
		2	385.94	0.24
		3	386.07	0.21
		4	385.94	0.14
		5	386.24	0.21
		6	386.08	0.14
		7	385.93	0.08
		8	386.05	0.18
		9	385.73	0.22
		10	386.04	0.14
		11	386.18	0.32
		12	386.16	0.23
		13	386.13	0.23
		14	386.11	0.18
		15	386.38	0.23
		16	386.22	0.29
		17	385.85	0.22
		18	385.92	0.22
		19	385.77	0.09
		20	385.73	0.19
		21	385.83	0.11
		22	385.82	0.1
		23	385.77	0.1
		24	385.68	0.11
		25	385.72	0.14
		26	385.89	0.32
		27	385.83	0.35
		28	386.00	0.24
		29	385.72	0.1
		30	385.72	0.08
		31	385.72	0.3
2009   November	1	385.00	0.16
		2	385.99	0.34
		3	385.89	0.23
		4	385.61	0.16
		5	385.79	0.15
		6	386.12	0.32
		7	385.76	0.21
		8	385.57	0.11
		9	385.55	0.09
		10	385.65	0.09
		11	385.68	0.1
		12	385.87	0.27
		13	385.76	0.35
		14	385.65	0.13
		15	385.52	0.22
		16	385.58	0.22
		17	385.43	0.13
		18	385.73	0.28
		19	385.69	0.2
		20	385.71	0.24
		21	385.59	0.28
		22	385.60	0.25
		23	386.27	0.32
		24	385.95	0.21
		25	385.89	0.19
		26	385.96	0.07
		27	385.94	0
		28	385.89	0.17
		29	385.76	0.18
		30	385.96	0.18
2009   December	1	385.95	0.16
		2	385.95	0.13
		3	386.14	0.37
		4	385.96	0.08
		5	386.01	0.26
		6	385.83	0.31
		7	385.70	0.26
		8	386.04	0.38
		9	385.74	0.2
		10	385.62	0.07
		11	385.86	0.26
		12	385.83	0.29
		13	385.60	0.21
		14	385.73	0.16
		15	385.73	0.21
		16	385.66	0.28
		17	385.87	0.19
		18	385.57	0.1
		19	385.82	0.21
		20	385.46	0.21
		21	385.69	0.11
		22	385.48	0.14
		23	385.46	0.29
		24	385.56	0.14
		25	385.87	0.25
		26	385.64	0.15
		27	385.66	0.14
		28	385.69	0.16
		29	385.98	0.36
		30	385.75	0.23
		31	385.94	0.37
